100
122 30 175 170 12 151 144 117 173 82 41 90 150 156 25 3 184 168 59 82 42 185 179 188 159 49 82 191 187 169 57 167 19 13 180 117 111 8 19 28 8 105 72 104 178 151 167 80 171 39 139 17 182 169 27 100 25 152 169 3 107 194 172 56 77 106 147 94 74 70 106 107 83 63 196 69 155 104 177 101 137 45 169 140 73 125 42 28 20 106 139 113 40 88 70 158 82 35 194 
37 53 113 113 21 181 101 0 45 150 56 112 178 75 100 36 3 15 111 194 109 139 189 134 36 26 50 111 88 41 197 35 165 98 111 37 156 12 122 48 114 31 123 82 41 181 64 91 128 199 97 181 42 105 172 193 6 2 187 186 114 4 16 66 8 95 166 59 199 158 108 139 64 94 162 27 185 170 174 72 3 4 57 70 113 60 121 124 147 83 69 63 92 188 166 61 199 97 
41 164 182 89 133 193 76 13 66 88 149 185 54 67 148 167 33 78 1 47 136 136 174 105 54 151 2 120 29 70 66 173 42 197 142 44 29 115 116 119 10 122 26 145 102 167 116 140 51 186 148 86 182 72 92 59 99 73 111 24 11 74 185 136 4 175 20 1 12 126 53 133 1 74 27 19 52 181 59 191 145 43 119 106 134 152 45 128 11 50 151 103 141 38 137 146 188 
117 127 89 93 116 29 44 124 57 60 5 184 90 77 182 139 13 92 139 139 113 54 101 91 6 124 47 184 135 56 181 33 166 197 23 169 185 132 52 115 12 133 184 174 1 146 77 70 90 195 182 155 181 91 60 62 88 176 78 195 91 74 174 53 116 174 191 80 40 50 78 112 103 103 89 160 95 25 43 32 123 10 104 66 167 184 106 34 198 104 99 86 20 54 15 119 
86 197 193 166 109 133 124 198 134 117 192 134 109 87 2 14 96 123 160 62 125 93 76 161 130 13 161 149 137 140 40 87 120 174 95 20 72 104 72 39 51 115 101 105 190 134 130 192 171 12 169 167 15 164 104 106 78 4 79 169 50 177 128 161 196 95 87 86 39 180 98 62 44 37 129 87 72 14 176 1 43 186 185 10 101 40 187 53 160 160 58 9 134 36 126 
32 20 53 44 123 27 72 143 26 106 121 117 165 187 28 73 43 169 170 178 94 56 153 1 0 172 149 189 158 5 180 93 163 61 77 96 133 39 147 58 189 26 53 120 146 175 109 111 168 135 195 92 160 103 150 112 192 165 78 38 103 89 131 186 0 117 111 93 157 104 191 106 64 81 69 184 92 183 157 59 46 18 181 100 92 66 197 131 2 81 164 22 192 183 
95 47 32 189 109 7 109 48 43 196 3 56 182 72 141 2 14 14 6 72 30 133 148 115 194 55 126 41 72 16 116 100 164 154 67 178 30 111 182 167 35 108 79 153 124 151 23 159 102 183 163 155 176 183 1 91 67 66 11 128 151 125 84 189 96 54 199 190 109 94 186 64 77 175 87 43 110 193 27 3 96 113 168 36 128 197 62 115 174 73 177 159 33 
8 97 71 183 46 145 178 0 179 165 132 7 104 2 49 163 17 60 82 117 169 25 73 133 190 64 161 100 61 156 88 161 23 127 109 87 156 133 139 109 23 41 91 164 143 158 152 73 197 104 145 51 194 48 159 184 138 90 72 19 39 44 116 146 77 64 36 73 165 179 91 12 174 86 174 108 87 181 11 156 77 32 114 51 129 0 54 44 84 33 105 27 
44 38 32 125 70 26 29 126 158 2 197 38 14 87 192 87 70 117 173 8 87 137 176 19 153 181 148 33 99 162 75 112 14 25 17 14 191 125 74 157 106 107 16 20 187 33 11 15 68 75 178 197 151 119 56 72 29 193 109 90 54 47 160 72 27 63 18 91 140 41 17 79 150 70 198 10 168 127 183 124 157 89 54 84 192 69 146 42 24 109 161 
168 34 33 164 180 188 182 17 18 169 55 51 22 2 40 28 182 130 27 13 26 197 37 129 18 183 9 2 59 124 19 197 167 117 109 171 124 101 70 11 37 68 120 22 112 139 108 101 40 134 53 83 51 126 24 75 74 121 77 168 24 75 73 14 151 63 18 180 53 12 179 39 111 96 185 89 63 59 28 98 177 179 23 57 118 25 89 134 53 132 
180 50 194 43 190 162 128 169 138 147 58 7 27 193 20 94 50 132 193 23 26 98 30 68 178 21 93 71 118 23 84 136 67 144 157 46 170 195 125 33 57 19 146 175 33 95 114 148 74 2 101 80 10 108 24 103 192 36 193 197 46 44 160 85 37 155 9 162 179 58 72 106 63 54 180 187 104 136 57 103 18 108 65 125 129 198 172 184 146 
14 177 20 77 22 138 47 189 148 44 113 83 191 61 175 93 66 192 50 194 199 129 136 78 116 56 92 175 121 188 187 131 41 95 126 83 80 13 179 95 37 180 49 145 36 137 192 109 27 94 4 143 68 116 43 175 128 43 60 19 32 188 139 99 63 122 25 91 115 54 9 185 4 173 168 187 99 66 19 195 67 104 102 126 101 81 166 126 
116 45 66 159 23 66 165 182 130 192 52 98 148 117 168 183 181 36 0 22 163 46 68 32 153 102 130 122 187 116 72 11 115 97 112 120 191 46 91 34 187 181 77 69 198 189 69 94 63 117 67 47 149 141 114 143 192 90 74 130 20 185 158 152 132 139 196 3 78 40 91 146 38 151 80 176 156 50 27 44 182 84 89 112 74 114 196 
110 165 119 101 96 63 49 84 63 194 48 91 9 25 26 79 1 180 143 132 175 40 149 30 173 145 59 92 46 47 92 174 111 25 32 50 123 159 102 95 114 125 93 136 33 187 89 27 56 64 172 48 179 38 84 27 1 26 198 28 141 131 93 130 193 71 195 170 56 104 125 107 100 2 43 65 107 185 82 162 142 104 105 26 108 112 
189 181 149 92 183 12 149 189 134 110 60 55 24 112 159 81 44 36 165 54 60 10 178 26 153 192 2 99 42 103 63 181 120 181 199 179 113 55 46 0 166 137 98 135 164 6 195 131 97 7 67 105 106 176 146 185 140 51 164 52 110 173 128 166 125 72 87 13 157 17 41 65 40 35 119 155 54 174 68 181 90 135 167 7 61 
137 7 19 112 112 26 170 55 3 66 164 114 48 2 36 186 5 116 199 180 150 133 68 154 191 183 189 95 183 58 160 105 52 160 184 70 25 149 9 139 100 18 175 15 89 21 176 8 170 33 26 48 142 173 184 66 102 24 153 158 24 91 129 96 153 8 149 85 20 42 10 187 189 181 64 56 43 78 161 170 147 58 31 160 
173 30 92 26 12 116 182 106 84 67 196 118 35 96 139 43 107 49 181 199 155 135 77 136 198 174 83 177 196 15 76 95 56 175 158 132 154 139 126 141 173 28 56 193 180 105 37 190 3 88 78 66 49 128 185 196 191 16 180 108 179 102 67 77 23 171 167 170 84 125 130 168 41 137 119 176 66 178 45 59 79 103 143 
191 84 137 146 61 92 176 35 181 106 195 5 187 188 161 31 68 55 33 39 192 1 69 171 31 83 142 50 140 110 144 166 147 136 168 55 6 14 70 72 90 37 147 184 148 14 162 45 91 192 174 127 140 90 21 128 117 179 1 123 179 0 179 67 119 116 23 28 180 134 72 7 0 120 17 138 50 131 192 134 56 26 
67 192 24 27 146 91 156 190 68 153 14 50 42 152 26 130 136 25 7 106 163 58 53 91 112 189 158 31 3 88 121 155 197 13 22 168 85 179 57 40 55 4 172 197 29 18 31 4 105 175 141 181 23 118 162 58 199 27 112 190 4 158 87 16 43 124 127 135 135 131 71 31 199 2 117 24 163 167 191 88 144 
157 196 195 128 72 46 89 95 46 22 41 29 29 108 119 137 52 144 6 140 98 193 23 146 85 187 159 22 63 106 117 33 187 12 27 6 26 21 126 172 74 38 186 187 70 88 184 194 192 79 181 10 41 159 13 167 37 140 41 179 23 172 25 154 197 67 139 162 90 37 83 34 88 151 141 119 100 162 1 191 
61 43 10 170 186 181 87 156 176 21 142 162 24 88 37 98 135 63 148 32 65 13 82 74 150 19 116 33 22 81 92 126 30 85 90 110 197 53 174 18 185 169 143 12 130 149 50 42 25 87 51 28 45 17 107 80 45 90 178 118 198 61 68 20 87 15 72 34 73 197 32 142 141 29 182 13 88 172 55 
96 193 27 171 144 29 131 175 109 56 163 7 73 95 186 198 10 18 19 40 16 44 41 191 189 44 89 107 168 195 34 85 102 84 113 41 15 92 30 28 94 198 19 38 83 107 110 98 100 113 190 116 47 105 109 57 182 102 106 192 63 63 164 103 71 110 58 152 138 105 39 91 53 1 183 23 108 4 
149 48 5 24 157 134 152 179 62 29 51 13 138 91 29 39 194 43 152 73 102 150 49 166 162 76 163 20 169 182 160 166 190 18 37 4 150 158 112 14 62 96 147 171 21 151 176 19 155 185 30 113 116 105 121 47 88 129 21 144 195 138 177 172 182 114 190 15 96 86 79 69 33 26 27 1 199 
110 184 93 23 115 47 80 59 4 104 187 129 120 188 159 133 28 118 183 0 71 167 2 78 171 9 9 9 152 67 156 74 196 68 187 84 162 158 168 8 131 32 23 117 176 38 101 136 195 6 120 0 85 15 59 28 41 147 190 21 92 29 25 197 197 78 2 3 110 189 117 68 84 25 113 104 
9 180 100 74 180 120 98 58 130 144 58 120 133 33 170 183 40 179 162 114 145 83 34 189 192 183 130 150 100 109 125 12 175 119 177 123 110 120 34 179 54 107 170 131 180 117 70 43 42 76 13 157 54 65 63 82 187 144 133 39 167 181 135 49 142 179 24 134 74 101 152 25 71 189 193 
112 125 20 22 80 1 102 23 165 20 158 112 178 46 196 188 193 131 10 57 15 107 119 141 75 49 136 141 126 145 2 184 4 27 101 39 156 189 79 169 15 145 130 153 28 12 60 26 162 192 73 26 155 119 105 176 67 35 188 145 146 138 25 153 27 81 27 67 10 122 96 137 137 114 
138 190 50 34 74 188 76 32 57 189 126 134 89 91 154 187 154 138 149 28 175 183 102 10 143 171 21 119 169 37 23 75 56 42 138 63 178 7 159 93 189 158 96 180 152 168 145 64 124 140 14 61 50 28 181 82 36 131 105 35 66 188 50 5 127 137 96 3 137 75 92 60 134 
95 51 94 91 93 29 20 143 114 9 124 171 113 57 26 71 7 106 10 161 43 99 141 114 17 68 149 81 104 165 74 124 10 157 42 194 85 2 65 71 149 89 174 40 149 42 4 37 33 193 0 125 105 36 73 86 117 14 25 46 39 34 38 119 84 163 62 136 95 136 199 102 
11 13 184 47 103 78 11 20 7 11 97 167 139 123 160 109 58 180 41 107 13 70 183 180 154 24 23 180 1 107 10 141 170 26 194 172 50 115 179 190 91 118 104 184 150 103 85 189 185 0 123 191 199 36 123 143 104 76 162 16 36 73 164 169 177 60 104 80 2 12 106 
137 122 75 192 158 15 89 158 9 105 110 85 98 122 154 10 28 110 144 156 136 77 99 43 160 48 26 117 77 9 163 20 58 134 71 81 159 195 193 72 12 199 78 134 39 56 120 130 182 31 12 184 24 182 180 34 163 143 59 22 63 112 111 113 71 49 99 130 146 1 
6 106 189 173 105 134 97 111 186 96 140 141 169 188 108 29 45 74 35 13 91 161 174 129 45 194 72 17 137 95 176 95 120 197 111 91 77 140 133 20 110 127 169 54 5 78 24 21 12 0 91 83 115 99 169 145 31 30 187 104 107 7 174 13 167 123 76 120 6 
91 131 2 92 146 51 62 169 45 130 28 157 116 194 51 155 80 180 199 151 20 119 25 140 163 73 145 194 59 75 137 146 39 2 18 11 56 89 138 98 191 158 60 46 194 21 52 41 188 84 39 23 72 172 79 75 192 126 118 117 138 3 22 8 46 143 17 183 
31 5 54 130 147 164 97 114 170 30 59 165 41 68 1 171 155 195 14 60 160 109 109 17 195 30 67 40 70 172 146 194 56 115 69 96 198 39 58 56 2 59 134 96 177 123 93 16 31 129 108 186 84 180 133 121 74 45 85 70 145 123 112 1 10 159 57 
145 131 146 96 52 126 125 21 108 110 106 102 35 155 91 158 154 176 91 157 157 87 27 33 152 121 148 113 54 103 133 157 189 67 34 25 153 116 184 74 2 167 107 62 64 11 2 154 68 187 189 163 105 163 12 51 194 135 138 11 136 128 16 196 108 106 
193 187 99 83 153 60 98 37 145 6 84 182 192 30 71 183 82 37 58 45 29 127 51 136 53 191 192 107 125 114 6 57 192 87 8 20 82 79 137 109 70 180 97 68 72 66 70 184 185 8 161 35 57 39 136 163 189 145 9 63 41 97 77 58 133 
19 198 4 49 98 27 159 35 162 0 184 172 131 48 180 7 192 73 45 72 123 9 3 2 157 41 90 23 86 72 190 73 64 137 15 185 79 197 1 32 1 71 183 29 34 23 114 190 172 20 152 36 171 11 22 68 82 146 31 116 188 101 108 174 
197 14 33 172 53 180 157 99 46 88 94 172 123 60 188 176 5 186 157 142 134 8 69 145 100 79 64 117 10 193 85 35 198 178 120 197 69 144 106 51 59 122 112 116 29 37 125 193 187 88 35 157 167 17 100 23 7 60 46 109 66 140 111 
112 125 53 37 187 43 23 173 142 162 31 148 94 103 97 158 13 93 35 31 144 114 49 83 161 116 1 53 10 23 84 116 24 100 145 78 198 35 193 43 15 8 156 170 173 194 154 157 34 115 120 91 170 133 94 171 197 191 115 168 157 186 
122 106 131 174 100 78 137 70 5 116 18 136 132 130 160 131 114 157 126 148 65 91 153 196 177 52 112 61 71 85 75 187 99 15 50 125 157 193 161 30 56 51 73 105 13 98 106 108 43 51 121 34 28 16 35 38 71 108 136 90 85 
83 30 29 166 21 174 42 138 86 42 93 6 99 127 104 83 154 41 4 144 16 40 119 69 86 164 89 76 127 64 184 82 185 164 23 58 106 168 38 182 41 158 53 23 40 188 80 58 111 149 50 188 33 180 44 13 169 95 55 86 
166 138 103 33 161 177 107 11 177 43 62 184 197 60 54 39 120 6 77 99 163 125 138 16 25 8 111 111 47 188 79 55 187 99 15 120 112 124 12 104 187 7 111 107 3 104 92 40 176 195 24 115 110 50 32 68 71 119 77 
43 186 98 76 109 79 1 69 162 44 97 168 184 153 55 17 114 90 112 157 182 149 174 5 4 10 23 147 102 47 136 188 193 163 73 12 175 20 188 95 175 40 35 112 49 77 89 148 177 51 80 155 100 186 84 140 174 97 
91 131 107 14 139 8 116 146 147 86 30 165 62 23 3 116 183 199 46 139 25 119 197 162 68 51 140 63 46 35 185 32 124 190 36 100 11 77 109 120 173 96 24 96 9 142 179 154 187 148 194 34 36 166 55 84 76 
46 7 15 152 151 76 179 94 116 191 69 55 142 154 26 33 172 40 117 14 90 142 109 142 177 135 96 116 199 119 15 6 34 75 153 173 161 122 3 2 184 33 124 176 6 120 69 142 128 167 34 33 76 88 152 113 
59 152 166 159 21 84 4 54 8 67 94 162 54 110 77 137 193 145 173 40 7 117 61 133 170 52 148 189 186 92 10 156 96 71 194 88 164 57 103 20 160 51 171 54 14 184 71 137 174 9 131 194 136 25 106 
114 144 0 175 143 62 169 25 87 137 192 148 69 91 23 90 185 141 161 168 59 77 27 172 33 58 166 70 35 162 16 107 54 173 133 27 153 80 13 12 5 79 137 157 179 64 127 198 192 121 22 15 28 74 
132 46 34 111 117 104 27 20 13 114 109 64 77 49 3 19 91 162 178 74 74 97 108 98 160 164 95 193 39 3 60 123 174 75 199 180 189 119 90 184 123 191 177 195 184 60 109 18 96 193 118 16 167 
192 156 38 165 131 188 170 5 181 27 44 14 104 92 124 147 100 190 142 158 133 88 33 114 170 32 118 196 28 129 130 61 199 49 175 65 131 146 162 142 164 114 107 61 43 145 85 125 190 10 65 19 
122 104 86 95 12 12 116 83 76 94 106 101 160 22 12 195 19 128 139 61 197 5 105 168 140 33 159 119 98 80 139 3 31 3 39 75 10 118 10 23 24 106 35 89 19 10 3 197 99 150 38 
156 18 112 42 154 96 49 182 162 35 124 125 73 124 108 22 3 118 46 126 140 30 3 75 38 68 35 162 52 62 134 20 182 177 46 150 123 147 58 155 106 60 121 26 85 151 176 13 41 171 
54 169 24 152 2 22 116 163 130 53 35 171 8 124 189 31 140 103 6 99 32 75 96 55 186 69 150 141 55 163 72 158 27 47 187 149 97 157 136 196 112 199 44 134 85 165 61 198 97 
120 134 107 148 47 86 160 149 82 0 3 135 120 20 159 195 24 106 161 61 71 86 58 99 110 100 15 191 142 140 8 107 111 7 21 66 93 33 173 150 80 95 41 157 44 179 70 196 
6 8 0 152 18 137 127 157 103 53 75 173 85 80 109 76 82 20 42 102 41 55 175 153 110 91 83 139 31 38 25 47 159 167 5 184 133 180 24 0 186 97 185 32 14 87 51 
163 115 152 196 86 93 91 108 70 65 189 72 124 132 38 13 100 155 88 62 110 28 16 23 102 196 64 64 136 154 139 50 174 132 115 105 17 91 40 145 124 46 71 121 38 44 
145 46 26 101 99 12 132 89 162 45 42 185 165 142 151 29 93 0 169 189 122 3 117 181 185 45 199 20 25 59 70 84 97 108 146 2 27 176 104 28 161 91 142 167 118 
93 118 87 119 179 177 37 54 71 128 11 123 48 48 10 58 50 90 128 24 90 120 26 104 73 108 57 121 7 122 10 103 93 59 22 125 75 101 58 192 162 102 94 199 
50 36 47 70 184 132 124 112 176 154 54 76 107 108 143 39 193 197 109 151 198 44 4 55 131 116 44 167 92 33 114 195 36 5 90 188 57 67 125 85 105 169 91 
164 84 163 49 68 22 164 11 194 143 112 153 92 151 37 184 149 14 102 5 99 86 150 115 10 89 167 118 56 99 50 63 199 133 159 4 12 185 85 94 153 159 
38 84 145 58 109 64 47 126 178 88 129 191 100 192 5 89 140 12 66 152 27 128 140 38 193 13 111 69 45 57 88 36 47 66 102 80 5 137 40 55 114 
175 110 97 113 128 164 88 39 69 89 140 102 162 80 39 161 52 176 22 149 33 124 85 80 49 176 89 152 73 191 106 175 55 144 57 68 95 99 139 87 
174 149 17 127 93 174 121 132 54 23 75 77 101 170 104 182 180 151 115 113 141 5 20 62 168 188 183 29 10 26 30 73 22 175 15 140 195 134 188 
20 46 100 82 66 12 93 19 20 42 55 167 105 64 133 70 64 79 161 6 175 7 73 117 187 51 189 153 123 61 56 127 56 83 198 104 178 102 
177 175 140 2 41 40 74 85 34 69 116 198 9 97 132 135 6 63 97 59 124 174 111 80 22 107 154 34 100 149 193 5 43 62 166 36 121 
118 95 173 157 138 23 84 27 57 116 25 69 31 121 121 124 131 89 94 141 70 103 85 94 53 178 24 119 106 184 107 102 175 50 37 15 
196 1 157 114 4 20 91 69 45 78 87 108 37 155 93 121 167 96 89 117 47 194 3 57 40 115 11 34 56 30 15 191 96 172 182 
90 43 103 123 49 91 166 93 187 169 88 128 72 31 77 20 161 12 34 94 199 8 171 15 68 98 141 27 36 109 10 43 150 182 
190 151 38 50 181 26 84 6 180 18 169 147 35 173 48 29 72 82 92 144 154 53 118 95 180 125 122 51 91 89 119 184 85 
174 102 158 119 181 36 163 2 163 77 47 140 143 29 86 147 191 147 80 20 98 57 171 189 194 36 16 74 10 13 88 169 
144 88 55 157 180 31 92 85 0 198 42 44 118 7 100 180 99 28 113 70 185 38 117 188 195 170 115 103 141 145 83 
24 193 159 166 5 141 139 22 27 42 6 77 65 176 148 33 19 101 111 57 18 117 88 193 145 149 122 98 151 138 
180 94 143 156 132 152 184 27 199 42 18 159 42 47 144 110 68 91 0 163 168 48 103 76 1 151 60 68 166 
55 168 108 116 14 181 78 195 74 5 114 149 106 38 120 141 6 48 43 176 122 143 185 101 62 45 14 163 
117 110 118 35 116 87 11 28 100 186 57 133 114 78 176 101 34 21 157 177 148 54 126 55 94 108 73 
91 93 172 78 139 122 63 72 120 179 21 194 66 40 163 175 107 30 71 106 172 78 46 81 9 171 
80 175 49 16 148 15 89 50 90 180 160 73 103 45 143 10 61 22 136 191 132 129 38 120 23 
156 5 162 137 184 147 173 184 34 144 92 32 160 14 101 111 70 115 20 94 179 82 54 105 
18 88 110 42 72 3 50 161 155 86 81 12 113 142 100 125 148 15 143 147 193 199 53 
14 73 128 166 16 55 107 45 137 6 141 4 110 121 194 54 28 86 161 100 78 188 
71 181 167 165 138 175 93 121 141 134 70 143 163 196 84 24 91 131 6 23 1 
181 102 163 25 77 51 106 179 98 139 78 34 44 23 78 57 36 184 17 87 
191 70 78 181 73 196 65 99 139 1 13 119 0 100 47 30 8 125 199 
129 69 97 171 73 199 94 30 126 2 114 72 29 192 75 64 99 85 
192 135 94 6 66 12 16 115 170 36 34 72 60 40 156 157 44 
173 30 196 42 166 19 54 151 162 158 10 175 150 128 56 167 
141 16 51 167 107 37 90 63 64 162 2 186 180 158 118 
62 173 4 162 70 82 38 148 66 190 41 105 10 34 
25 39 153 34 76 30 84 35 26 142 126 153 112 
66 70 100 92 129 2 47 34 88 72 63 135 
16 128 7 176 103 3 27 143 124 107 68 
83 113 154 180 65 15 57 119 146 190 
192 186 182 132 100 107 5 139 11 
3 45 33 2 137 23 105 84 
9 46 88 80 96 129 37 
184 170 51 151 188 109 
92 189 88 167 5 
87 186 28 124 
95 114 91 
188 7 
40 

