20
163 82 75 175 58 137 22 103 130 20 78 106 67 126 114 113 124 161 74 
72 54 153 6 5 104 16 39 191 152 93 23 68 175 51 195 33 188 
169 88 70 190 118 177 9 196 91 123 120 4 149 145 11 54 151 
16 158 120 7 101 72 100 77 92 75 128 88 60 68 57 100 
91 199 18 68 9 166 111 84 87 68 33 32 79 87 135 
47 198 55 6 51 80 106 80 124 133 160 164 145 29 
174 45 72 173 63 140 182 181 51 66 68 71 51 
52 102 91 188 149 89 195 107 92 75 13 173 
152 98 133 116 43 114 90 88 186 16 103 
78 198 85 82 17 105 153 68 158 56 
159 98 157 0 93 65 93 121 30 
18 73 81 103 189 124 18 32 
165 156 48 20 35 46 57 
117 15 163 22 84 121 
30 195 19 188 196 
64 5 41 185 
187 59 58 
68 114 
48 

