25
111 131 42 89 166 7 178 41 146 40 14 146 138 37 36 124 62 118 18 69 97 39 92 168 
105 63 108 198 21 110 136 45 55 45 128 144 55 23 51 61 67 109 37 30 154 92 39 
185 158 79 197 169 163 151 27 180 16 31 4 5 1 144 33 75 81 9 11 60 155 
97 84 190 82 77 18 13 191 151 37 148 123 27 53 166 130 43 173 180 122 54 
187 185 44 175 56 5 109 27 178 188 83 36 6 37 90 66 178 128 162 163 
188 196 77 73 166 44 32 77 153 104 142 68 133 4 101 9 185 25 125 
127 99 132 10 124 108 179 168 174 153 41 0 95 165 47 125 185 61 
65 120 69 26 38 112 146 162 91 130 29 7 169 139 45 198 196 
40 114 172 69 132 125 168 177 83 131 109 176 69 116 96 67 
176 3 161 35 71 195 13 42 15 155 162 147 37 169 43 
46 172 174 143 151 16 163 180 127 58 30 182 95 97 
72 157 9 4 145 172 129 135 114 32 177 97 53 
143 180 92 191 25 187 167 142 109 44 164 67 
183 78 93 139 138 102 165 127 109 71 100 
127 42 136 196 33 179 72 192 147 31 
4 195 195 38 48 189 174 55 94 
50 193 151 72 199 101 93 165 
99 95 138 188 114 115 4 
123 16 54 97 175 130 
82 26 100 89 16 
153 99 155 33 
32 66 146 
38 89 
107 

