40
96 130 93 163 38 49 5 109 19 129 173 33 174 21 194 24 92 175 100 186 175 198 140 137 183 33 124 18 28 2 1 125 132 46 88 122 95 45 32 
114 127 157 99 101 178 93 77 70 21 177 57 196 176 149 85 159 182 161 129 163 163 82 40 48 128 80 170 175 77 154 41 4 111 141 57 90 186 
135 112 159 112 121 108 40 22 145 152 157 107 33 120 70 116 112 70 196 192 193 124 69 147 165 74 11 58 83 53 197 18 117 156 83 191 64 
123 13 10 75 170 69 109 42 139 177 154 10 125 98 3 49 168 102 167 194 65 177 77 118 174 48 188 131 131 179 147 54 192 109 82 115 
178 143 157 70 120 64 32 45 162 187 47 82 89 166 28 107 143 58 25 118 106 13 1 189 144 148 43 137 10 77 4 188 20 161 10 
92 177 42 90 92 29 137 126 71 55 155 178 198 165 155 116 23 121 69 12 65 170 7 154 180 85 158 120 57 72 131 150 1 173 
40 93 155 129 20 26 184 127 156 134 92 111 51 115 184 72 127 2 42 86 156 22 171 67 143 181 91 74 131 92 199 123 186 
106 4 158 132 140 85 40 74 177 104 77 44 88 150 123 42 192 9 199 15 181 18 110 114 109 136 45 1 135 120 139 42 
124 49 126 64 134 119 138 63 23 16 107 63 166 30 106 110 40 57 125 173 75 187 87 136 123 84 89 11 4 181 5 
128 30 131 144 165 2 34 180 177 50 88 41 168 70 99 31 62 108 156 35 183 96 74 71 19 110 160 30 114 93 
35 194 124 119 90 41 121 125 21 99 127 109 92 48 132 143 79 194 51 187 182 186 83 56 57 103 119 169 85 
185 63 121 180 139 192 22 180 65 147 1 116 75 63 160 75 195 103 154 141 154 141 123 92 177 132 101 32 
51 71 117 36 86 190 168 25 182 191 5 0 138 158 116 165 173 77 40 120 132 146 62 87 40 185 131 
17 69 33 49 120 104 118 109 142 109 77 167 43 20 124 43 111 82 112 76 56 189 69 176 121 167 
38 160 7 176 92 176 45 77 177 118 133 96 27 75 157 56 42 0 77 166 196 188 0 108 16 
56 97 37 185 170 5 23 83 164 151 127 93 149 4 70 67 137 118 46 12 75 102 6 76 
131 172 72 71 124 132 88 181 181 77 118 151 34 93 34 151 45 161 44 194 165 114 61 
54 185 107 66 60 161 72 88 93 196 112 164 121 44 4 54 25 82 172 177 68 65 
163 19 62 77 63 56 194 130 69 49 115 128 115 175 90 140 64 183 136 176 99 
9 173 104 15 198 138 187 127 6 5 91 26 67 168 41 124 162 171 145 11 
38 74 79 14 164 19 30 99 107 158 150 69 131 54 84 82 144 24 9 
151 29 52 129 48 172 170 124 87 94 70 50 132 144 129 98 60 100 
80 111 160 191 61 29 74 116 65 156 12 89 118 163 70 170 44 
119 143 167 43 182 61 65 32 145 161 114 196 21 14 76 132 
126 19 194 155 94 62 173 50 74 14 120 190 85 91 34 
156 186 153 151 168 14 17 0 160 178 66 108 152 81 
184 36 159 4 182 115 50 44 40 52 71 54 173 
13 139 64 199 47 2 153 199 170 167 168 122 
79 146 189 187 50 22 124 87 181 80 21 
48 130 66 40 134 89 95 107 102 186 
123 101 34 125 6 33 47 174 1 
122 5 99 63 145 102 85 21 
141 18 53 162 19 135 180 
59 69 69 154 177 123 
141 100 177 127 178 
183 112 25 109 
113 147 67 
164 10 
164 

