50
117 55 199 34 176 185 44 2 155 175 46 171 22 70 180 142 61 98 166 49 11 1 162 117 8 24 127 55 195 91 143 112 146 94 99 74 79 143 76 187 70 123 158 93 145 139 187 6 189 
154 7 152 155 169 69 115 145 197 170 141 88 66 5 187 160 104 13 192 0 90 179 70 165 137 115 62 28 103 20 169 57 27 121 164 148 191 32 45 140 2 138 180 20 144 119 133 0 
133 125 0 175 56 71 92 145 138 154 174 41 126 95 50 153 17 167 53 160 199 98 52 1 37 184 22 133 104 107 133 189 32 134 164 88 5 56 185 95 162 159 137 88 55 139 193 
24 106 46 136 105 96 188 59 85 172 33 18 76 140 152 65 124 86 181 164 43 189 149 138 151 61 27 191 68 119 184 92 177 182 180 35 31 168 94 116 92 79 87 121 171 39 
138 95 77 120 11 120 109 160 10 13 173 190 4 41 109 141 85 86 75 65 121 58 185 167 127 78 198 14 199 169 53 137 16 82 9 27 2 71 140 164 84 113 154 40 107 
15 133 144 54 9 162 127 19 147 95 146 177 93 160 128 15 165 18 31 47 27 59 1 98 151 166 134 64 72 175 123 40 108 68 46 69 30 173 89 129 20 35 107 66 
148 35 81 113 53 112 161 33 123 162 131 26 80 66 91 105 193 166 97 53 34 143 75 16 116 116 146 137 103 53 3 51 40 36 165 46 100 78 79 176 192 162 2 
73 28 45 130 173 12 27 179 46 170 54 63 38 122 161 175 25 14 130 77 6 118 194 52 19 24 131 195 16 94 197 41 74 43 123 0 55 150 179 53 72 185 
68 111 107 29 38 84 195 121 113 2 39 59 6 58 83 90 53 100 136 3 93 10 46 17 162 53 167 93 106 192 78 127 103 137 156 93 174 104 14 87 106 
54 147 64 64 182 154 70 82 90 73 128 53 71 145 15 76 64 61 134 56 91 61 111 181 170 5 155 74 171 194 132 177 141 196 42 124 103 112 158 193 
137 86 198 160 183 14 36 48 75 170 104 166 184 168 147 154 125 54 28 96 49 112 74 142 108 68 18 11 132 177 157 69 15 155 29 199 121 17 199 
148 139 55 67 123 23 166 29 148 21 9 45 70 121 71 12 30 139 31 193 71 160 102 92 127 58 73 126 179 90 77 80 29 133 147 105 156 113 
134 57 134 144 54 156 65 125 121 47 16 152 193 87 64 95 131 191 105 4 70 37 94 147 117 75 80 64 132 189 177 19 198 64 163 52 20 
180 129 141 180 145 45 125 184 61 20 115 53 78 119 123 115 165 22 184 192 55 48 125 196 177 144 194 41 59 46 14 191 175 107 123 72 
153 48 56 14 21 123 19 99 42 94 166 159 117 150 151 124 150 76 120 127 172 114 121 183 112 87 175 39 194 98 111 99 99 119 66 
120 42 85 171 36 132 137 195 1 39 146 125 189 175 45 68 99 111 141 83 175 28 10 14 23 60 77 74 111 148 140 31 142 178 
2 178 110 91 125 111 130 23 36 71 198 33 140 50 96 81 85 71 62 95 85 85 107 114 111 19 62 52 2 4 30 5 134 
140 48 59 3 179 82 39 2 33 24 142 83 120 176 168 191 38 15 28 75 122 142 186 93 4 190 96 160 172 53 94 64 
53 105 67 32 187 58 187 20 82 81 55 154 57 23 145 47 190 125 122 65 67 61 158 23 51 6 135 176 11 181 40 
65 86 108 49 74 166 36 46 1 118 54 155 175 77 53 175 20 178 97 85 198 110 43 173 114 2 109 90 13 90 
130 78 129 190 128 155 109 116 1 62 34 7 169 162 85 22 137 105 153 186 142 103 49 185 76 163 139 137 5 
153 180 87 183 109 78 63 64 139 180 17 1 166 25 170 128 62 145 17 119 50 156 61 153 5 46 29 120 
138 167 125 91 147 12 26 8 42 90 72 181 70 89 134 188 114 57 117 128 154 86 47 4 42 108 157 
47 107 138 167 45 57 44 88 156 57 114 164 99 4 188 33 26 78 119 15 144 128 84 73 34 170 
72 38 165 181 147 164 88 38 84 133 95 128 21 52 185 87 168 37 44 157 22 22 35 93 37 
131 174 73 156 8 196 29 199 113 10 146 77 50 184 161 135 32 90 108 84 27 195 4 64 
39 161 38 62 148 132 51 32 106 77 188 66 25 169 65 138 131 12 15 181 148 177 116 
180 19 176 16 46 172 21 111 163 134 101 177 83 33 181 115 91 58 55 158 35 25 
175 173 156 139 188 90 88 117 158 20 136 135 189 183 59 162 46 174 96 147 152 
131 133 85 198 176 95 54 86 130 31 62 103 139 1 43 181 41 113 140 14 
49 27 3 184 38 117 182 12 165 82 116 97 167 1 47 143 96 101 182 
26 84 196 81 176 197 77 157 191 190 49 5 191 76 160 176 114 77 
110 79 194 192 195 91 111 149 91 55 45 144 189 24 29 185 57 
5 134 134 162 125 124 12 82 68 40 194 196 107 71 106 138 
18 51 133 61 162 82 152 169 80 97 158 56 126 143 113 
83 30 48 197 155 124 161 190 192 2 184 140 61 8 
47 199 26 50 84 87 12 167 40 182 199 137 92 
55 15 188 168 98 18 168 95 125 45 57 115 
189 11 100 130 24 108 129 23 86 179 107 
173 191 26 13 125 25 102 18 32 117 
6 153 167 176 73 63 101 118 72 
17 60 35 69 190 59 129 119 
82 15 98 141 140 41 168 
106 167 145 8 137 130 
78 143 83 45 119 
156 108 172 27 
132 189 39 
167 10 
29 

