55
159 89 37 13 82 131 89 51 164 172 170 51 176 178 43 16 80 55 139 21 34 71 0 21 140 84 88 18 183 37 167 93 69 109 154 160 149 197 175 95 39 83 89 76 18 43 131 150 81 152 184 76 189 161 
18 49 121 133 127 166 15 67 30 180 39 40 126 67 49 6 185 15 156 3 172 67 41 199 82 28 102 132 93 17 24 18 8 33 15 31 136 173 65 82 62 154 119 158 175 144 93 26 163 41 173 166 113 
88 98 67 65 103 106 171 175 89 39 149 66 74 88 111 104 36 153 126 45 158 148 10 3 79 31 109 161 23 186 77 23 196 6 168 188 28 42 177 198 72 157 192 158 16 20 140 104 106 193 35 177 
179 163 160 19 78 145 28 62 26 153 128 161 131 123 133 13 26 63 173 49 39 63 100 96 85 32 10 55 86 114 6 161 64 78 87 24 140 68 198 144 61 182 115 95 175 101 8 34 74 167 95 
3 102 182 15 178 191 83 147 45 80 62 132 114 198 4 154 74 14 165 138 13 102 34 5 83 71 21 140 105 149 107 179 177 13 199 195 195 34 24 37 146 160 99 134 193 96 5 168 194 194 
67 49 149 44 190 7 163 116 58 101 10 103 98 9 9 137 5 132 180 23 112 9 39 88 115 17 57 44 80 51 111 10 25 161 191 162 156 42 54 38 157 181 0 68 81 135 196 137 152 
129 87 73 140 134 133 7 93 19 136 115 58 57 180 140 14 41 134 50 124 101 197 189 127 0 132 98 37 197 73 16 194 140 106 160 9 21 39 158 188 38 38 31 2 132 8 69 146 
172 87 168 50 106 155 97 118 48 160 11 198 64 17 139 125 43 159 160 3 122 152 52 92 188 9 184 140 71 168 105 62 179 31 8 44 28 19 77 126 124 6 75 197 31 52 104 
69 177 29 53 119 191 84 69 51 61 136 76 150 140 159 119 142 71 50 152 137 75 146 162 35 37 105 66 72 160 1 10 112 158 184 19 183 156 4 77 66 145 78 109 121 141 
50 191 82 2 172 140 167 86 188 198 0 120 134 41 38 162 140 76 20 48 185 98 47 159 190 130 32 42 96 56 141 95 185 74 39 149 182 9 27 73 43 53 14 169 41 
121 194 58 144 33 110 123 152 6 108 116 79 82 84 23 160 22 17 176 25 77 34 96 70 17 155 119 55 151 14 69 141 186 32 54 69 141 48 98 126 61 126 72 53 
184 170 148 131 144 176 179 158 103 47 187 135 93 151 193 46 43 123 80 144 137 135 23 137 76 70 115 85 118 12 12 62 120 39 130 65 39 42 155 114 59 184 100 
143 122 51 182 97 79 185 97 73 72 163 19 131 80 106 172 156 135 60 159 42 132 29 46 128 14 62 45 130 6 158 76 136 86 165 182 98 164 168 186 155 47 
72 120 173 158 60 92 51 87 147 6 185 184 185 40 96 20 96 151 199 180 30 170 191 85 6 166 57 58 4 66 120 166 28 194 69 52 178 9 146 28 153 
12 25 183 159 159 69 149 6 126 41 77 142 10 79 4 100 101 130 174 19 90 120 152 138 193 143 5 62 197 19 101 184 158 145 29 1 66 113 195 137 
1 36 39 44 42 71 136 178 115 143 9 26 108 39 48 88 155 152 65 74 113 26 166 107 24 171 8 187 109 120 31 151 0 116 39 19 98 66 70 
121 9 89 132 79 112 144 103 191 92 197 160 163 47 17 58 25 185 57 9 120 116 143 120 140 100 161 91 169 39 132 27 114 99 40 186 86 171 
152 79 89 161 101 195 102 98 145 154 132 11 85 105 129 136 16 44 115 9 23 4 136 132 45 136 131 29 68 154 109 103 106 44 109 179 138 
51 81 119 37 113 116 105 96 107 105 189 13 132 162 47 2 113 36 99 18 136 183 26 130 44 181 18 186 77 180 18 193 186 135 183 137 
130 154 175 32 191 5 16 151 103 77 192 2 174 39 41 51 77 121 161 62 101 180 40 57 185 75 35 135 149 18 92 129 160 159 180 
127 55 2 36 74 130 163 58 41 87 173 58 59 54 71 52 137 195 163 170 183 121 115 92 48 134 10 50 44 39 74 40 109 191 
8 81 123 89 71 27 125 84 4 150 20 160 137 95 109 102 11 86 161 126 40 162 6 30 26 85 114 14 97 33 12 2 79 
167 198 136 1 89 107 199 98 64 64 84 128 152 116 112 97 38 110 120 160 180 164 155 176 130 199 158 174 15 170 120 56 
121 142 39 77 31 64 42 54 75 57 26 117 152 157 68 192 77 42 198 185 184 41 129 154 128 138 48 74 178 106 168 
21 106 199 119 82 86 171 40 97 46 190 109 138 74 131 166 167 27 116 143 171 97 169 53 50 176 31 59 194 20 
11 138 164 94 37 116 27 18 142 3 161 187 32 100 64 49 99 11 104 172 48 155 176 42 136 128 121 52 194 
98 183 37 63 153 122 119 191 134 12 167 101 7 189 117 185 179 78 6 108 52 56 194 137 77 87 110 26 
40 131 4 119 179 69 88 9 43 110 95 46 78 61 6 20 161 171 145 171 113 169 42 91 90 170 41 
112 13 37 37 165 44 182 187 193 61 15 138 95 119 178 11 111 69 97 21 169 71 113 83 176 88 
26 192 12 67 136 17 63 79 103 48 57 20 129 8 93 0 8 167 66 174 154 13 173 67 115 
169 150 165 26 57 58 21 90 19 60 23 11 124 42 153 109 31 36 188 16 140 195 58 96 
115 125 52 110 185 195 66 23 198 138 154 198 38 138 183 49 36 24 76 152 63 7 134 
42 80 58 110 16 38 102 36 139 97 76 101 153 112 163 19 50 94 37 125 154 170 
54 120 192 68 53 36 23 64 87 133 109 152 109 34 65 172 112 147 39 89 36 
107 90 24 3 83 196 98 179 182 103 109 193 122 22 89 2 159 65 103 169 
168 144 189 122 30 53 171 45 112 60 54 160 184 115 64 161 13 188 49 
90 14 51 105 163 6 93 110 90 148 174 137 22 165 87 28 29 64 
93 54 170 131 100 178 35 142 125 157 153 87 80 14 96 9 73 
143 72 188 2 134 87 129 79 163 53 166 188 132 95 28 181 
155 103 57 40 120 73 71 34 118 45 121 122 52 140 150 
91 159 0 122 81 139 74 109 134 177 102 12 85 66 
157 189 1 45 5 78 82 44 9 116 52 37 59 
147 81 83 107 42 119 144 137 137 132 68 188 
172 15 47 57 145 31 1 70 191 196 142 
45 25 192 193 159 144 61 50 188 54 
23 141 33 116 45 143 25 41 144 
33 165 78 117 150 89 7 32 
26 138 147 64 196 154 193 
178 27 9 78 181 52 
31 194 86 78 29 
10 19 190 36 
86 19 4 
177 45 
183 

