60
174 14 163 154 20 73 166 146 128 93 139 113 76 76 193 196 199 180 176 132 92 39 115 30 35 93 62 29 48 125 199 22 92 114 128 112 188 94 58 68 188 149 182 64 25 175 12 176 107 140 109 152 180 24 182 15 69 196 196 
117 121 195 92 13 110 20 77 98 115 87 118 103 189 100 119 14 28 131 143 135 23 4 87 3 180 21 170 49 17 167 166 139 114 10 104 24 31 134 74 98 173 193 1 162 93 72 129 73 155 72 9 178 28 48 134 8 70 
104 9 87 23 127 178 138 138 35 114 121 169 189 19 142 134 172 57 179 196 186 53 151 10 14 129 38 14 15 198 84 120 7 124 95 86 102 33 176 137 100 97 58 89 68 153 175 40 10 154 36 196 7 139 6 173 21 
196 188 36 194 24 108 153 148 4 39 3 189 16 92 89 113 151 178 134 56 105 174 66 60 163 14 19 102 172 193 123 168 133 112 162 157 20 115 58 24 106 61 14 122 153 55 188 56 186 122 112 91 48 130 151 11 
144 171 66 116 116 141 84 1 53 198 158 26 113 16 50 20 29 16 94 183 24 82 191 10 156 104 101 5 34 5 168 131 128 186 47 44 80 84 197 133 82 107 111 196 76 114 168 105 82 62 40 106 97 32 116 
53 88 170 10 74 175 131 5 103 117 53 99 197 89 96 83 171 3 194 119 79 60 87 137 143 102 177 49 151 161 118 4 49 88 167 124 63 98 81 166 167 86 17 117 175 113 0 147 68 146 66 100 7 154 
37 150 8 14 151 159 176 69 115 177 157 34 101 20 132 135 138 52 21 107 169 197 172 169 144 41 67 10 141 74 116 178 176 124 144 80 35 72 149 151 50 107 185 103 79 70 38 170 122 60 77 91 57 
50 12 1 43 79 163 136 106 80 66 34 156 10 114 144 83 16 47 85 123 32 188 154 54 27 76 128 39 154 19 96 156 183 49 151 15 12 87 73 44 153 107 153 163 174 97 198 190 144 83 65 128 
24 19 135 51 96 63 42 2 35 138 110 170 139 61 185 151 148 58 148 53 118 53 168 92 150 167 82 46 2 99 126 26 118 61 29 166 77 71 168 112 9 30 82 148 91 20 52 191 78 152 44 
196 5 13 88 107 180 122 153 134 21 31 161 92 93 190 58 122 62 179 186 23 9 20 124 53 40 176 44 119 80 41 67 85 54 108 144 186 182 49 120 156 80 81 48 125 24 58 47 86 189 
33 61 151 54 185 4 46 113 0 117 193 41 185 30 47 45 174 33 27 175 106 183 56 139 183 133 163 42 133 1 183 166 63 134 172 48 90 171 114 91 88 107 84 25 90 132 70 16 117 
98 192 23 33 0 163 17 133 78 11 66 80 194 185 95 129 109 95 19 80 9 62 169 69 99 194 159 31 17 175 100 115 119 124 100 119 39 69 53 117 80 71 197 75 56 92 156 118 
188 127 198 149 190 119 18 89 66 177 72 83 105 172 150 24 48 2 96 87 72 101 5 152 172 154 179 181 47 135 99 187 15 49 136 157 121 155 46 139 84 70 174 141 194 76 118 
43 78 14 82 150 115 87 55 39 194 186 20 41 74 119 180 89 121 68 46 42 175 44 181 60 114 155 153 60 31 71 55 61 37 138 164 152 177 19 192 171 5 12 164 79 84 
144 168 157 13 166 199 140 10 132 0 76 39 106 137 70 177 144 83 15 82 47 119 12 66 63 183 24 28 100 55 64 44 176 21 9 142 172 150 153 104 102 181 143 160 70 
165 138 15 0 105 49 48 176 61 66 40 197 90 20 97 146 84 141 74 105 103 16 29 5 121 133 59 103 28 20 173 145 110 188 145 15 190 145 143 51 12 135 48 102 
155 145 0 191 39 74 48 94 91 77 99 164 162 158 67 142 178 193 39 88 133 185 55 123 130 151 175 94 86 175 197 194 73 149 185 112 24 34 6 67 63 57 31 
26 167 51 120 98 44 160 138 129 97 194 53 179 97 180 74 135 155 71 129 28 20 67 92 196 53 50 63 116 107 47 94 75 98 15 173 94 175 111 23 24 57 
28 3 154 8 77 90 116 148 171 96 121 38 189 69 43 39 133 160 99 132 6 174 182 173 99 76 100 10 51 124 20 80 128 126 88 5 168 156 106 140 53 
27 130 42 96 174 33 181 86 132 113 92 58 47 66 157 123 166 120 127 91 92 7 19 18 47 24 187 4 130 79 57 109 9 51 158 183 36 139 69 121 
5 114 179 52 180 89 128 146 161 7 189 5 14 8 23 61 185 162 17 67 41 26 177 3 29 87 138 66 26 160 187 183 74 118 188 54 159 68 152 
72 75 94 29 41 54 53 54 39 167 72 59 161 50 188 164 80 75 102 146 53 62 85 37 88 155 177 142 67 45 47 91 72 141 121 113 195 126 
167 187 93 191 46 6 42 34 170 122 61 25 20 114 39 57 103 128 164 80 22 31 77 21 75 101 114 196 14 110 74 134 49 119 77 47 126 
119 33 48 41 94 25 13 8 17 70 64 97 35 96 119 18 126 93 93 27 7 41 194 117 115 80 118 187 157 165 113 77 198 113 70 92 
91 84 53 108 106 117 5 141 13 76 112 91 169 5 119 177 199 113 46 66 193 165 53 150 130 118 179 129 32 50 173 123 86 26 31 
192 95 188 86 61 64 150 152 34 155 71 163 106 136 9 173 81 174 26 184 57 145 163 138 129 165 111 4 3 138 187 148 33 175 
34 94 191 184 199 177 91 70 140 150 159 150 123 40 76 101 24 85 198 140 23 79 57 135 83 61 73 70 9 58 197 195 105 
189 131 104 166 22 174 59 124 85 161 47 126 37 101 102 123 99 42 146 131 100 81 14 113 106 37 122 117 186 117 22 175 
48 126 94 22 52 105 147 138 66 146 16 103 199 118 178 51 113 77 182 165 110 196 78 17 185 0 134 172 117 108 99 
117 34 193 139 38 98 38 128 164 137 96 20 136 15 150 187 80 27 169 45 138 166 123 155 103 123 41 75 192 149 
175 61 135 120 0 125 171 191 54 135 128 102 107 64 117 58 52 197 85 21 194 23 139 117 130 43 192 123 70 
136 72 45 197 159 166 150 85 137 141 91 24 69 193 84 85 63 142 137 12 179 111 7 155 2 124 37 197 
69 161 68 5 185 113 3 145 31 153 182 120 46 25 97 67 170 181 152 33 75 42 46 6 105 5 161 
107 129 151 105 150 64 125 156 49 190 111 146 22 64 80 94 62 105 191 129 76 172 33 61 199 75 
59 6 180 64 119 40 146 70 97 96 134 22 52 136 12 115 82 186 131 115 33 193 20 24 74 
48 149 108 62 148 183 121 106 116 138 26 156 36 48 5 132 135 27 137 71 191 52 105 130 
184 20 115 129 193 139 4 193 40 112 55 141 47 129 47 163 19 25 71 55 74 28 139 
9 7 76 80 151 81 137 81 17 158 148 98 151 87 102 144 80 166 152 21 14 81 
20 129 100 46 153 155 120 181 94 81 189 123 113 140 156 50 173 125 160 121 23 
111 160 126 8 40 92 160 61 58 193 82 188 45 80 141 0 152 122 46 33 
63 121 98 3 77 100 176 154 61 49 178 124 10 104 132 50 148 44 64 
7 189 98 195 34 178 88 186 130 162 33 115 26 106 165 29 136 65 
158 90 126 7 68 51 169 124 135 172 73 132 36 32 121 86 179 
156 64 67 142 146 29 127 13 55 34 178 37 170 195 147 60 
122 106 129 125 76 5 60 48 78 192 36 110 66 122 41 
22 138 108 116 84 90 44 49 97 78 179 134 0 174 
33 60 48 140 141 173 168 147 186 168 177 130 4 
40 196 78 81 170 16 142 87 52 32 131 101 
129 161 32 16 161 6 49 173 55 141 115 
180 109 14 166 77 191 49 33 31 45 
111 65 168 79 7 55 131 39 138 
184 120 99 16 136 12 175 138 
185 182 79 52 162 189 18 
81 18 10 130 4 193 
127 115 10 95 147 
17 150 78 8 
88 15 129 
139 31 
17 

