65
110 76 185 97 69 71 156 98 49 26 173 180 151 99 139 27 148 188 189 108 58 70 151 21 64 120 133 98 110 193 138 53 39 68 153 148 167 119 109 194 152 24 41 124 37 176 6 43 125 188 190 191 67 167 58 164 28 151 114 133 34 17 153 136 
148 80 159 196 130 176 193 184 137 80 49 189 147 87 96 76 104 74 115 198 4 112 142 120 34 193 183 176 57 109 124 36 75 19 146 69 154 85 140 97 99 90 8 18 43 21 68 15 143 53 118 129 107 23 4 14 53 73 111 160 167 193 36 
94 170 94 198 91 177 103 87 77 62 48 134 180 96 17 180 137 128 50 96 19 118 184 21 173 108 114 3 51 76 129 112 137 137 145 188 60 164 78 162 49 68 52 156 56 73 41 194 142 72 108 79 135 189 141 9 164 117 194 82 35 47 
182 56 6 154 41 61 163 169 145 91 39 68 57 85 163 125 36 65 150 129 143 186 61 60 84 49 134 55 186 164 95 0 164 63 78 43 68 195 8 127 11 96 136 74 130 99 76 51 18 113 26 159 94 177 76 104 42 86 10 93 166 
191 47 139 82 160 98 48 103 108 45 24 184 189 74 88 105 5 116 36 193 139 105 111 54 20 114 130 101 99 70 157 79 179 60 104 168 175 191 55 104 55 110 176 110 178 99 95 71 43 104 63 60 41 83 51 83 39 66 35 54 
97 156 140 110 12 105 78 116 59 27 60 9 130 162 22 133 38 32 132 96 110 148 166 8 0 52 144 49 185 152 144 11 128 171 104 20 141 70 79 141 119 95 171 57 93 110 98 168 23 112 22 64 197 68 95 165 156 66 162 
175 171 96 95 103 121 25 192 147 168 22 21 91 15 97 59 125 125 115 142 106 44 119 158 26 12 117 84 69 195 136 96 84 159 197 126 15 48 39 68 112 29 117 38 143 170 47 29 8 136 173 27 198 162 39 72 75 128 
89 179 76 53 90 160 116 67 151 61 58 97 184 0 109 34 120 131 130 113 44 2 198 124 82 52 11 5 40 103 81 167 162 186 123 34 124 16 33 50 100 180 175 191 142 141 105 100 176 113 166 97 75 9 67 41 155 
79 4 84 164 168 78 98 191 84 115 99 126 81 47 146 46 79 187 89 178 132 11 157 29 72 5 101 187 191 43 16 173 61 115 4 33 149 133 151 51 37 85 58 151 183 179 179 42 21 187 120 74 92 101 85 188 
175 12 167 172 149 103 167 61 89 170 115 45 79 41 106 62 81 165 176 199 14 80 69 1 195 121 128 63 188 117 100 171 124 34 6 32 167 117 33 146 76 155 179 182 170 116 71 86 106 163 67 109 146 85 174 
73 157 115 78 113 147 52 123 45 120 29 115 10 65 195 66 100 122 54 195 73 3 79 32 42 132 160 46 190 98 7 60 128 45 172 77 114 182 97 116 135 67 181 69 96 186 83 51 15 162 31 44 101 87 
63 28 94 12 8 180 173 159 124 109 147 176 60 97 130 36 191 63 186 154 176 44 4 171 56 127 167 61 149 167 67 199 177 196 68 75 115 166 154 62 14 131 41 30 8 123 103 49 136 76 165 53 66 
40 57 178 162 116 77 44 45 116 168 6 50 163 102 195 112 60 116 81 128 162 128 89 146 3 104 147 183 175 97 183 108 163 135 101 152 106 57 33 68 42 157 64 106 25 151 44 35 81 137 152 108 
123 171 107 168 101 51 189 177 139 23 150 74 31 121 27 81 139 193 186 65 85 99 35 159 15 68 177 135 120 67 177 125 60 76 106 5 153 162 174 31 134 178 49 193 69 22 81 158 14 4 141 
164 71 187 104 169 2 176 93 57 25 192 120 58 127 155 112 74 166 172 87 121 118 53 21 15 153 119 102 134 113 163 5 155 92 20 32 195 27 129 165 148 35 32 142 29 171 146 84 85 85 
6 129 185 114 150 155 165 84 21 88 149 31 177 119 97 83 64 153 199 167 168 70 119 84 117 22 118 186 125 127 12 140 139 111 63 162 30 16 130 169 167 8 127 35 149 40 66 130 192 
143 69 190 99 38 1 26 78 156 181 131 1 58 107 68 42 162 130 151 139 28 157 128 170 92 81 179 179 147 132 148 39 177 134 99 166 189 63 165 94 176 157 156 176 74 11 165 42 
44 53 23 33 85 71 58 109 18 25 106 112 124 198 140 36 159 194 132 118 120 60 113 99 8 172 189 162 45 168 28 89 75 84 23 103 95 100 158 113 149 97 194 110 29 1 168 
180 170 164 14 100 181 100 144 97 107 50 25 126 34 39 153 96 193 192 188 186 169 17 0 168 52 176 185 0 162 28 47 77 186 199 31 97 150 111 80 18 102 92 130 182 59 
97 103 116 102 187 143 107 26 54 40 87 30 112 151 37 32 187 38 130 145 0 191 195 121 100 173 81 165 124 189 199 57 100 39 27 58 154 76 101 73 19 34 29 38 150 
195 68 156 160 108 139 136 137 76 28 42 179 100 35 56 33 191 89 131 143 114 104 66 119 0 97 62 31 26 42 13 10 101 103 159 145 83 125 43 17 193 110 143 63 
1 140 115 154 175 187 35 180 52 7 160 190 127 118 70 94 62 97 158 198 117 111 160 101 101 182 83 141 70 83 22 2 81 51 147 39 54 137 51 12 192 112 94 
18 132 144 72 103 41 18 95 92 61 130 30 174 94 76 101 113 119 162 91 19 40 0 83 188 176 96 74 166 134 60 149 89 4 145 142 188 150 174 79 138 51 
51 42 140 197 50 34 91 107 159 125 67 115 156 139 186 122 6 148 178 131 51 154 82 161 87 183 38 80 145 78 192 119 162 134 106 124 166 63 160 69 38 
71 103 103 69 33 48 40 169 8 25 155 147 45 90 40 102 154 181 154 53 143 112 104 196 112 84 3 98 126 43 168 91 92 147 193 71 14 80 162 10 
133 185 29 95 7 146 116 110 189 127 173 144 5 194 177 77 182 51 61 4 41 139 24 43 161 94 112 29 116 58 117 162 150 7 105 18 86 84 110 
118 29 73 180 37 121 27 30 45 86 95 94 95 174 183 36 20 76 45 93 165 140 177 91 10 62 7 126 139 164 197 86 78 36 141 171 173 165 
83 85 31 3 163 67 189 151 196 170 119 151 70 5 29 15 18 62 120 145 20 62 26 117 177 120 137 45 118 20 95 72 188 155 143 138 27 
64 63 73 117 28 20 174 135 154 92 37 29 199 76 142 1 183 3 103 159 187 86 126 70 152 42 33 27 184 160 4 165 86 43 49 20 
21 73 45 196 45 40 57 188 75 97 73 169 83 116 70 193 92 51 69 49 49 176 191 61 142 134 193 147 32 73 14 90 184 152 123 
161 150 171 165 101 7 193 133 46 90 0 118 64 10 3 28 54 193 159 66 156 31 167 60 149 83 132 22 89 28 190 148 46 160 
93 149 6 153 24 30 112 135 43 80 186 58 8 160 54 147 42 153 116 82 91 146 70 105 153 102 76 146 140 169 87 183 174 
103 149 73 98 134 6 128 174 117 16 119 38 180 60 167 79 38 165 36 167 43 14 72 68 109 178 197 148 136 46 132 5 
84 9 54 57 33 139 156 125 59 21 181 146 154 28 52 181 133 72 188 157 154 195 78 121 186 183 97 86 83 65 171 
154 36 129 199 79 76 41 77 100 0 112 19 69 199 72 5 58 189 69 85 151 42 80 120 131 121 47 65 2 163 
80 96 80 169 6 85 128 181 79 9 190 54 135 137 32 135 144 74 28 137 65 175 111 176 118 50 18 184 123 
0 152 79 186 83 89 94 64 23 177 106 76 134 40 13 147 47 80 74 114 30 165 95 94 79 80 159 166 
39 126 107 96 105 110 154 198 112 119 103 35 28 101 0 40 48 170 120 172 188 36 123 9 182 187 160 
187 155 65 136 131 108 80 76 67 108 112 26 191 143 105 24 45 95 96 142 131 53 182 85 31 193 
191 125 44 151 58 96 168 122 32 166 110 144 62 191 10 76 175 45 182 164 35 113 111 70 83 
27 112 17 88 194 152 88 138 91 24 119 2 33 179 86 56 167 63 93 14 161 6 196 16 
1 127 155 69 195 97 75 171 139 38 140 39 157 100 103 0 192 19 175 96 89 167 93 
155 47 50 167 29 101 189 21 176 20 9 78 166 141 160 115 183 95 89 25 29 172 
197 132 106 18 144 141 10 130 166 24 17 62 126 35 12 28 145 19 164 152 14 
122 186 10 160 91 48 76 123 74 82 62 67 147 24 66 169 46 62 186 26 
61 19 28 183 46 134 162 169 21 100 184 198 141 83 53 74 175 183 172 
88 139 110 73 46 141 5 22 175 175 43 198 114 30 106 50 9 20 
134 12 156 28 12 166 116 65 126 128 23 127 115 187 17 139 167 
87 58 112 71 12 87 120 55 18 113 43 65 86 69 81 102 
100 169 160 40 69 142 71 81 62 140 50 1 27 195 141 
82 52 170 33 97 146 190 166 9 62 15 176 4 63 
140 120 174 44 38 16 76 20 24 47 2 43 177 
66 43 137 12 26 135 8 42 9 57 130 180 
173 77 77 61 55 163 150 161 134 51 173 
134 163 198 77 109 173 175 199 112 29 
168 178 122 77 107 54 158 71 142 
137 7 123 172 132 186 140 14 
107 114 64 93 185 23 80 
166 185 94 115 187 94 
95 171 41 74 126 
136 168 52 58 
106 127 47 
191 127 
91 

