70
25 125 47 61 79 176 123 123 130 15 53 139 28 125 194 38 175 194 156 28 160 73 184 113 163 46 31 10 142 154 152 168 79 152 181 158 80 104 34 10 71 87 102 99 12 48 89 188 42 46 168 154 71 152 20 35 151 51 45 93 5 149 13 36 101 194 146 181 98 
180 144 122 68 46 173 32 94 63 20 88 61 189 194 132 93 166 167 196 169 164 90 126 114 103 162 15 50 109 149 100 41 93 22 109 91 196 142 137 59 114 177 120 55 123 52 101 90 172 97 59 136 187 186 50 43 148 18 93 9 119 193 51 164 16 112 55 12 
54 144 71 121 73 143 176 196 195 29 38 167 127 98 56 66 36 106 61 184 76 154 146 195 100 197 159 116 61 166 80 116 62 103 189 135 46 117 84 193 147 122 113 26 20 169 44 56 27 106 193 104 12 91 99 112 40 11 28 101 177 60 169 192 163 158 127 
161 76 11 155 175 86 68 1 106 189 197 115 16 55 60 120 68 151 172 180 143 183 161 44 112 21 14 104 137 172 184 98 0 195 53 175 81 73 128 140 14 126 7 31 181 19 103 1 170 75 182 65 58 95 109 123 68 123 27 5 48 11 104 48 159 109 
176 192 135 104 84 149 182 91 180 116 110 84 117 32 111 51 97 122 98 159 45 167 82 24 172 82 36 28 131 147 90 59 139 25 163 24 126 98 67 59 14 178 95 83 162 6 87 60 128 185 19 173 152 53 198 77 136 186 57 19 133 99 78 24 76 
193 0 3 91 68 62 57 46 157 93 160 163 180 172 44 165 191 17 70 197 167 99 85 153 108 56 38 8 86 63 84 79 63 87 123 131 101 132 129 10 25 90 174 5 14 18 123 6 187 145 155 155 196 192 60 104 48 99 112 134 114 149 165 177 
36 88 61 90 173 142 100 198 184 26 156 199 196 79 157 184 176 112 91 172 56 103 28 104 2 141 190 116 90 155 46 78 196 107 120 121 1 21 119 186 47 75 185 196 106 142 180 34 6 23 6 62 126 35 166 81 128 108 149 170 15 195 0 
163 54 121 84 56 94 4 42 93 31 27 89 138 121 21 172 127 44 131 141 123 118 59 4 198 167 153 120 182 149 120 98 155 193 182 11 87 138 5 133 170 184 22 108 105 44 32 184 88 115 125 163 33 184 167 31 103 121 151 38 22 24 
136 129 17 118 141 57 57 146 190 179 131 164 39 188 8 71 173 49 187 50 12 172 35 180 156 90 53 59 128 27 83 64 156 53 135 97 62 144 196 52 123 79 16 162 67 177 185 40 26 124 43 38 49 78 170 5 168 23 64 49 50 
148 113 159 153 0 8 15 144 4 19 19 35 187 181 103 164 119 95 190 195 138 181 44 168 151 49 89 175 66 138 177 14 51 88 119 52 97 134 148 53 153 168 89 92 101 144 57 172 39 199 168 130 180 12 98 132 14 139 59 80 
77 188 46 81 77 165 85 174 51 33 179 156 153 68 48 55 164 105 27 4 105 147 86 37 160 136 169 126 76 180 6 105 169 4 186 46 169 23 172 172 9 151 128 162 20 176 169 136 34 149 140 91 96 178 128 8 115 50 134 
143 30 92 48 151 96 187 197 65 162 169 189 171 73 117 86 45 46 55 181 80 156 74 123 53 52 3 61 119 53 148 14 36 40 15 187 137 154 137 154 116 58 144 88 131 13 126 176 59 181 158 91 90 184 14 143 36 18 
156 108 71 104 122 59 145 137 199 34 91 136 188 160 194 84 48 78 98 126 6 157 107 116 49 197 100 63 92 89 33 1 197 57 105 71 116 2 161 115 188 4 3 177 164 150 61 164 28 159 90 34 69 150 103 118 99 
3 133 144 92 167 145 41 24 50 113 92 5 26 160 193 30 163 122 147 65 184 63 93 95 154 80 164 56 135 34 155 138 168 99 183 87 44 24 63 47 89 107 4 67 67 149 50 183 72 197 48 8 60 94 55 166 
126 172 22 61 6 130 151 126 181 134 165 26 111 28 25 152 136 181 20 155 130 70 138 154 19 139 162 79 33 170 46 111 142 20 172 148 150 123 27 132 58 192 110 121 21 87 73 109 68 93 16 150 115 155 105 
134 46 19 14 79 189 12 190 131 184 114 32 87 37 59 171 47 51 81 168 24 120 194 85 140 87 102 90 155 9 147 89 55 119 55 86 108 19 28 192 4 94 24 43 83 35 14 131 86 47 51 63 167 45 
148 107 85 2 149 192 163 49 81 170 168 89 8 28 108 188 20 64 82 196 107 166 31 121 49 70 168 52 133 87 50 33 194 87 188 96 79 151 145 112 74 65 1 82 93 110 71 114 174 105 62 34 23 
94 155 72 164 76 77 49 163 127 34 110 14 22 6 45 126 103 157 0 168 159 34 13 21 105 79 147 163 142 181 186 36 89 11 152 165 88 153 80 15 187 190 181 162 148 178 88 3 135 40 123 46 
74 137 19 132 16 119 95 158 52 81 146 141 92 98 58 180 3 139 147 191 81 80 153 30 58 193 33 146 33 157 144 59 94 116 191 62 35 86 21 87 168 167 181 12 18 39 193 21 130 92 164 
12 125 117 194 183 62 27 81 47 136 178 107 182 94 98 45 81 185 66 120 105 185 101 117 3 93 62 177 175 155 141 187 32 11 133 15 73 161 49 121 49 27 28 32 73 78 77 154 63 95 
74 168 80 128 38 36 173 100 13 148 7 154 88 39 165 21 7 191 134 56 64 184 35 44 16 60 122 45 14 186 140 40 106 172 120 144 8 93 197 173 194 4 128 82 196 45 103 3 188 
38 11 52 174 198 96 142 58 19 187 24 157 79 16 63 51 89 160 12 182 109 185 176 65 65 10 61 111 66 16 51 104 179 104 30 129 152 172 187 123 111 163 80 190 132 96 193 21 
8 5 155 117 191 84 182 56 94 44 119 160 12 171 16 192 27 46 121 179 170 61 55 81 176 135 23 108 183 17 129 191 22 37 108 165 121 91 22 15 87 93 128 99 64 144 43 
43 143 117 175 113 130 30 147 106 165 170 15 149 187 96 92 162 133 1 127 6 44 101 22 83 195 150 134 11 46 130 7 189 47 182 55 177 12 2 35 129 124 50 30 64 99 
123 26 184 76 105 191 72 159 165 155 106 67 89 69 65 19 76 55 18 58 62 147 70 16 183 0 140 185 30 4 84 105 182 21 181 40 164 53 199 81 160 105 148 2 174 
165 173 51 172 192 61 34 139 132 2 122 84 143 108 66 99 144 172 34 117 105 74 81 111 25 114 71 130 14 73 56 180 199 59 152 191 121 187 82 5 189 5 89 84 
65 107 136 161 31 170 79 137 196 112 48 21 27 71 151 41 97 159 21 96 19 174 39 92 113 121 97 54 78 138 139 143 45 27 105 77 197 136 166 193 48 166 14 
27 189 117 69 86 28 42 134 47 168 173 139 33 95 188 88 173 126 179 69 124 158 126 1 155 62 119 100 62 85 66 90 74 135 111 113 163 105 47 11 26 173 
102 59 20 43 99 145 169 30 14 93 188 140 46 143 154 165 195 17 2 13 59 77 148 122 190 112 27 189 75 53 162 129 65 182 172 164 128 142 195 94 187 
135 35 186 79 141 151 26 110 154 40 169 183 188 43 125 52 71 114 127 76 29 57 93 11 181 58 91 123 5 186 63 140 173 49 171 114 152 150 25 58 
190 146 41 130 190 166 183 13 33 62 41 62 71 135 25 53 145 117 128 150 103 191 42 28 192 14 142 145 164 119 3 106 66 197 36 8 115 171 173 
148 186 14 162 57 149 188 110 94 105 191 196 160 182 39 188 175 5 82 72 169 2 75 27 20 72 63 180 188 187 153 88 173 167 51 30 69 39 
93 115 96 84 112 8 18 151 148 145 156 30 169 77 184 45 104 156 69 119 136 9 106 41 98 31 161 101 14 30 92 107 145 140 143 57 148 
113 160 96 11 68 78 180 145 63 177 1 171 47 73 108 8 131 101 106 163 62 159 177 92 51 36 190 191 131 199 139 44 160 187 7 28 
66 140 126 81 117 79 52 116 152 112 125 84 14 183 47 76 143 176 121 194 12 111 186 143 110 77 139 22 17 99 3 83 39 81 116 
156 160 168 73 65 33 198 149 199 181 148 75 76 76 148 71 88 11 9 183 122 38 74 144 55 173 147 138 12 180 6 121 141 127 
194 6 160 144 107 159 77 7 186 154 83 135 177 123 146 186 106 20 24 180 117 80 106 16 170 118 197 177 39 90 104 185 96 
16 81 155 175 159 162 113 65 197 0 194 120 99 132 178 71 108 110 188 140 16 5 111 87 154 40 126 44 96 64 92 64 
145 47 39 56 161 104 73 110 105 67 182 156 199 160 27 108 70 16 48 39 173 111 126 79 103 4 123 199 68 15 63 
14 14 54 22 127 111 96 37 168 163 19 124 163 131 151 23 153 119 71 192 44 135 70 123 38 75 46 190 143 13 
53 109 27 60 132 106 171 180 95 139 143 114 15 58 197 118 81 151 38 105 95 82 40 118 158 30 193 4 20 
88 170 26 150 149 86 34 56 9 14 151 100 109 18 115 168 167 185 1 118 23 58 166 58 50 84 168 81 
29 172 101 69 94 79 19 44 165 5 100 126 19 3 178 129 21 45 49 189 31 2 59 6 61 177 16 
111 13 184 192 194 157 46 64 51 125 35 47 43 41 99 121 12 103 100 93 76 145 142 17 128 145 
29 135 6 6 151 69 172 136 14 166 45 12 30 48 89 66 96 84 59 195 6 71 98 58 165 
127 155 59 144 84 4 173 19 162 180 122 184 104 58 198 70 103 10 53 104 99 71 0 184 
130 147 142 153 198 0 118 125 155 178 69 39 134 43 10 49 175 133 33 31 191 31 101 
47 193 106 103 92 177 103 28 59 2 170 165 0 122 83 125 78 13 147 69 100 142 
80 149 69 13 182 100 156 13 153 155 6 60 58 50 189 113 79 1 116 1 166 
116 124 1 194 154 15 141 23 115 83 103 64 152 68 198 4 177 11 157 84 
169 17 143 19 7 8 50 160 124 4 126 193 128 127 139 82 94 80 57 
161 115 113 177 19 181 175 23 110 186 180 195 107 150 90 127 109 98 
129 69 175 133 195 120 13 74 59 47 121 139 105 82 6 18 60 
25 151 187 0 62 126 180 57 33 82 147 160 191 197 42 60 
124 175 7 44 189 34 103 36 155 194 93 37 0 111 49 
177 63 37 129 125 115 62 134 148 144 33 61 136 30 
103 196 155 78 156 151 19 190 55 8 145 1 101 
134 154 165 136 131 180 125 13 105 40 75 191 
188 19 24 49 155 6 104 104 113 135 12 
65 154 2 72 114 99 73 16 185 27 
133 121 111 113 46 124 170 38 199 
161 179 170 137 28 78 143 85 
134 9 20 146 74 126 100 
98 41 199 171 57 136 
151 142 58 14 55 
56 138 25 95 
89 186 26 
11 123 
54 

