75
90 27 67 164 65 188 196 27 60 53 127 84 165 34 157 183 42 118 152 106 44 153 96 170 7 37 68 66 137 132 52 88 116 191 88 64 68 86 85 171 57 20 22 105 167 129 98 66 168 180 21 147 178 186 28 27 192 25 8 197 120 199 138 107 147 131 55 190 42 122 80 60 80 19 
118 32 106 32 144 175 193 108 94 91 8 157 91 194 148 25 9 82 134 72 28 70 24 179 172 184 140 172 188 14 176 164 68 1 64 28 37 32 113 61 32 64 97 131 143 171 162 135 98 70 46 70 73 107 88 47 165 17 120 193 151 98 105 151 51 194 127 45 79 128 157 128 171 
99 88 168 184 14 199 99 195 124 33 27 74 159 94 108 103 157 170 44 126 97 189 153 38 134 33 142 83 175 67 13 5 196 9 186 146 97 92 81 125 181 171 81 166 70 158 85 128 4 132 76 10 140 198 139 14 84 140 66 109 127 110 157 31 27 188 158 36 123 17 33 197 
175 86 59 73 30 11 93 118 40 170 46 121 161 10 189 29 168 28 97 117 180 157 132 79 144 95 18 95 152 123 101 66 140 98 167 113 125 81 64 192 114 61 12 117 3 88 70 127 184 182 178 92 138 143 97 167 14 20 29 7 135 137 187 139 19 37 171 106 177 146 67 
29 123 182 40 127 170 168 188 26 61 29 128 155 109 29 10 59 187 110 178 134 59 153 55 89 116 153 188 128 150 110 153 63 115 104 80 125 144 1 172 108 129 194 144 41 90 143 93 88 32 142 57 170 155 90 17 46 9 77 88 79 82 88 52 89 166 149 100 104 136 
179 1 181 188 42 11 194 98 141 33 5 174 34 142 44 65 188 110 99 78 10 39 53 169 17 146 67 32 65 195 146 109 125 76 172 0 126 165 97 1 56 42 89 83 136 34 72 190 163 129 45 40 139 11 71 58 133 169 3 112 157 194 117 117 36 101 7 41 49 
143 125 26 44 54 47 74 60 107 181 25 126 29 112 151 153 158 87 63 172 182 196 168 33 130 105 22 99 180 44 25 141 97 128 61 30 186 145 42 178 64 74 56 40 177 38 44 3 142 86 77 9 196 154 157 68 135 152 128 191 138 114 185 187 163 92 36 171 
129 91 54 107 169 119 0 24 23 78 173 49 107 140 14 23 78 43 46 133 172 173 89 102 25 34 27 138 118 58 137 180 97 170 100 127 152 167 172 130 97 64 85 32 120 178 98 98 137 42 2 154 165 97 193 192 150 25 121 133 194 96 140 106 199 105 59 
154 154 179 169 50 102 77 43 34 50 146 15 110 199 88 98 142 87 26 102 87 25 138 72 11 130 121 130 126 134 188 77 55 170 156 66 134 87 131 25 57 23 198 155 18 101 168 171 16 181 23 64 29 145 172 140 49 33 173 187 109 23 46 146 198 73 
8 79 110 42 70 100 177 43 1 80 163 143 24 199 24 10 46 191 18 83 152 50 60 85 103 85 10 41 128 133 159 17 89 67 95 14 159 120 53 145 32 160 94 75 75 148 115 143 60 33 3 145 88 126 162 199 181 97 145 99 124 31 126 182 171 
196 32 13 17 91 54 72 171 91 99 149 154 199 52 183 125 68 187 178 23 69 171 76 194 160 115 138 8 117 40 121 6 112 137 138 100 37 195 179 148 48 85 143 53 38 125 67 195 164 35 184 112 117 191 178 54 118 37 135 20 87 160 107 131 
133 7 31 20 156 151 50 1 120 182 15 56 96 81 161 162 52 25 155 196 161 24 47 42 110 36 180 147 165 185 53 51 181 8 41 120 17 39 168 138 46 122 60 175 178 165 185 181 45 89 142 157 167 45 119 70 110 46 9 37 136 21 57 
70 80 121 45 27 93 36 137 161 104 155 66 9 173 192 155 95 140 115 104 34 52 102 183 119 160 6 192 64 105 130 39 18 23 153 18 5 156 44 52 25 150 83 118 24 135 190 171 90 115 85 48 189 137 186 112 77 137 197 76 197 100 
112 12 151 51 102 22 110 27 197 133 161 75 121 102 74 135 168 141 112 24 100 33 197 159 117 108 10 135 86 40 113 198 82 192 102 129 106 68 117 47 157 50 113 27 146 160 32 158 32 67 173 31 5 88 118 15 163 63 106 37 199 
185 13 130 49 172 31 149 168 96 157 50 15 139 173 125 26 53 134 171 95 71 70 197 37 71 186 190 97 102 94 95 28 187 107 108 148 5 114 133 29 76 158 14 115 76 102 31 91 176 89 141 89 38 45 193 100 64 3 89 155 
119 65 1 50 181 104 98 86 75 128 67 151 186 141 11 135 191 154 116 30 145 170 151 136 104 137 167 55 34 190 182 106 171 197 4 175 143 34 125 28 91 153 71 13 168 40 22 67 66 59 101 142 28 0 113 111 33 180 24 
173 73 42 136 181 136 30 46 70 73 72 191 6 169 120 157 81 74 70 75 6 109 115 133 128 65 162 79 83 27 47 197 16 0 133 109 80 112 97 46 43 42 82 136 181 148 154 147 123 30 39 181 130 175 63 23 193 23 
136 123 159 178 167 198 50 75 177 170 83 57 126 55 91 153 185 174 119 133 124 17 171 165 194 196 117 118 49 165 56 143 139 44 197 89 130 96 181 145 192 51 113 95 136 56 16 79 60 180 48 99 117 182 182 171 112 
184 190 55 126 93 148 185 57 180 53 107 16 138 119 98 111 133 125 136 69 59 15 35 141 161 193 175 153 118 37 26 94 150 67 141 126 174 115 24 151 161 29 41 163 132 103 3 128 92 183 82 121 4 104 18 34 
116 41 111 44 37 151 175 190 137 47 157 61 37 44 74 3 169 83 73 97 79 124 3 95 175 165 6 47 66 115 125 79 118 186 103 76 31 159 118 160 94 185 138 99 57 135 191 81 122 65 35 29 5 198 17 
158 122 197 136 193 13 143 84 115 174 95 156 6 172 152 126 101 186 152 169 189 27 144 26 55 92 131 73 196 190 28 173 185 162 73 9 51 56 159 12 30 116 96 35 161 116 190 99 80 55 59 73 38 103 
121 174 105 24 94 145 76 184 160 82 5 25 92 66 164 36 61 67 96 93 140 159 137 162 134 198 29 87 193 38 159 49 139 109 135 18 161 31 140 70 131 164 26 68 62 32 106 19 81 83 196 199 146 
53 43 62 142 61 121 50 116 110 112 141 7 19 85 155 127 45 81 78 21 47 136 76 66 197 190 98 171 27 175 191 37 102 136 120 169 39 160 70 193 174 18 45 135 59 128 181 182 33 26 40 19 
103 70 147 81 176 80 194 193 54 92 84 25 173 78 40 92 35 180 168 184 119 10 153 69 96 11 68 198 66 158 166 105 13 112 124 67 156 70 151 181 87 51 107 137 191 51 172 97 181 33 18 
119 57 88 177 194 138 50 25 145 85 158 196 97 79 90 177 198 106 19 92 150 132 88 38 136 41 13 27 192 112 178 69 71 82 199 177 199 156 145 184 94 19 131 134 167 130 181 68 99 129 
68 105 121 129 23 9 76 23 189 70 131 58 143 15 23 15 165 140 172 162 158 108 60 10 180 190 41 113 194 74 89 6 12 23 112 83 76 52 8 170 172 2 22 36 17 78 88 180 15 
146 139 35 176 47 63 126 184 85 144 160 72 159 104 53 12 35 106 116 178 191 56 136 140 188 16 16 167 93 73 185 101 132 176 86 30 12 49 157 84 71 32 77 88 31 21 126 2 
160 139 0 191 88 160 135 180 144 57 105 189 86 109 23 156 191 143 23 60 180 31 146 160 66 154 9 11 160 24 55 63 111 112 3 59 125 181 131 141 13 26 17 175 140 34 131 
19 109 158 117 120 19 71 144 140 36 101 186 184 189 43 51 12 43 116 1 111 102 122 77 190 125 112 150 156 117 134 22 149 63 17 117 17 172 117 45 129 68 185 31 100 148 
159 26 100 47 178 74 154 179 164 70 28 18 7 148 172 81 12 12 159 44 16 71 86 41 46 39 8 133 46 8 28 16 27 5 153 189 104 105 197 78 17 83 7 170 43 
33 119 86 66 164 77 92 116 84 22 132 5 3 79 5 38 34 22 186 8 111 66 183 130 145 86 55 49 25 125 98 175 30 173 121 10 54 87 55 34 123 130 61 177 
138 119 73 71 64 147 27 142 117 92 25 4 62 148 180 10 81 139 71 123 41 92 16 56 42 144 125 1 98 119 122 117 190 59 160 46 74 32 166 69 107 144 159 
114 144 32 182 88 57 137 149 0 113 66 171 162 191 58 49 78 155 123 41 127 167 70 174 166 13 124 191 166 150 44 49 41 151 134 148 110 15 173 183 161 9 
50 137 80 6 49 132 58 88 148 139 163 34 161 32 141 67 54 52 110 56 71 108 84 140 4 18 80 173 10 61 45 111 188 3 55 66 57 194 18 142 45 
192 73 192 96 86 160 1 57 118 185 61 185 25 63 45 183 10 60 47 82 187 137 94 134 168 131 73 128 186 75 118 136 59 29 75 52 117 49 152 121 
147 68 80 0 162 198 59 61 50 167 181 166 158 194 155 173 71 57 173 26 66 184 183 42 38 180 3 27 131 30 185 40 65 89 177 27 114 179 89 
0 182 10 110 171 22 84 105 130 59 148 193 31 175 69 175 15 190 117 163 67 22 126 64 61 180 100 2 164 114 162 29 104 107 182 96 84 170 
155 169 63 128 164 117 99 14 152 184 39 162 15 17 95 76 72 71 40 117 190 139 37 19 130 16 91 112 156 34 46 186 169 76 4 63 194 
1 105 199 85 37 137 124 77 156 23 191 198 185 118 70 107 136 49 37 11 68 165 9 35 125 45 7 190 185 77 103 184 132 130 155 83 
128 161 149 63 120 190 58 177 78 36 2 183 181 105 158 92 77 159 37 156 143 143 81 129 144 65 113 34 108 9 123 155 190 192 121 
9 60 106 88 26 81 32 76 19 74 11 193 73 183 18 147 100 150 149 129 114 104 111 106 119 75 16 148 140 177 127 49 63 98 
104 105 191 131 179 198 68 155 104 183 88 51 171 110 159 62 160 29 119 167 4 19 196 186 168 3 105 3 183 23 96 105 12 
196 191 157 94 102 27 134 163 6 160 66 95 148 174 163 101 194 28 70 139 137 165 43 60 85 181 132 159 23 7 195 6 
36 65 162 180 134 179 116 197 196 59 146 46 18 192 103 63 32 37 11 140 31 166 155 190 179 30 191 28 199 39 128 
19 198 43 51 105 179 168 70 66 196 178 51 49 35 98 102 72 67 118 64 111 66 168 130 114 13 22 64 161 65 
53 176 130 85 102 112 39 86 123 51 146 167 78 161 87 33 111 38 21 147 153 112 189 142 190 37 165 88 52 
56 86 6 61 125 121 56 139 150 102 3 69 165 143 191 150 188 67 79 166 21 123 80 116 110 4 194 2 
92 168 147 89 37 137 87 29 61 42 107 57 99 177 131 27 53 157 18 17 23 175 176 5 87 49 44 
37 50 50 196 165 86 151 82 163 19 178 14 158 105 155 80 3 147 195 1 43 29 178 110 104 33 
3 25 192 80 152 138 151 57 27 105 15 67 35 124 117 60 68 118 49 104 59 189 142 9 48 
66 187 70 137 34 137 144 166 160 75 132 99 119 146 72 109 37 124 182 148 63 123 93 84 
129 93 106 153 184 61 75 39 190 136 42 138 12 53 66 112 8 121 121 3 44 19 56 
140 186 158 122 47 54 130 19 167 31 158 194 13 106 110 174 78 25 75 90 5 124 
169 185 166 52 170 107 151 176 36 107 69 111 123 155 119 36 48 169 108 190 57 
49 69 46 23 15 143 48 21 37 132 136 117 94 94 41 94 25 142 73 17 
129 70 136 166 173 197 98 156 33 100 142 22 90 195 136 119 43 184 4 
6 123 123 184 7 152 139 35 39 161 94 70 131 185 117 97 172 38 
5 102 167 52 102 51 152 96 109 194 141 128 113 188 50 90 136 
50 160 152 185 153 69 169 46 131 186 140 98 69 23 34 75 
22 174 193 80 106 12 121 75 134 87 160 132 32 138 7 
174 190 188 121 80 84 85 11 31 43 114 112 130 124 
15 45 147 14 115 5 3 65 130 145 31 142 124 
112 41 100 71 62 134 1 74 87 162 85 116 
153 195 30 51 52 7 35 96 171 52 115 
113 45 147 156 141 190 91 139 38 34 
65 187 145 40 8 20 123 28 121 
37 142 59 158 50 5 45 182 
88 57 179 38 115 85 31 
144 58 148 99 159 120 
46 150 183 61 37 
24 91 45 65 
20 78 83 
59 44 
1 

