80
32 119 135 129 46 179 148 108 194 159 81 39 68 4 17 86 130 179 0 152 52 185 81 64 127 175 41 54 121 168 182 183 89 111 16 59 27 164 53 192 133 199 106 95 129 81 179 19 0 185 119 67 199 121 105 7 50 161 58 198 104 122 28 159 88 38 76 80 27 27 178 55 64 191 99 188 74 199 38 
192 12 138 25 82 165 196 195 189 136 90 139 187 157 150 21 14 132 90 181 194 65 119 96 50 144 131 83 46 196 6 89 38 8 138 81 124 121 199 72 163 35 177 172 133 47 157 78 63 172 19 33 48 124 145 29 185 166 190 182 71 76 182 140 79 154 99 76 118 26 109 158 49 183 128 39 107 76 
21 68 16 60 56 50 138 131 150 113 191 131 96 115 171 155 110 115 110 161 64 199 61 157 161 87 73 85 139 115 143 199 40 29 54 44 137 26 77 53 133 151 112 183 54 40 39 12 135 80 142 107 136 122 46 53 42 188 23 198 46 21 110 46 22 37 93 44 62 195 14 109 91 93 0 155 25 
194 76 89 122 102 129 69 106 197 180 156 167 109 140 99 79 72 181 18 152 86 127 17 83 30 180 141 4 83 148 80 77 3 25 121 34 117 87 101 155 147 156 126 10 145 163 153 51 126 96 125 22 87 107 85 180 48 25 25 167 41 169 148 96 169 136 178 116 147 44 24 0 2 34 36 127 
80 43 25 23 56 111 97 58 179 131 86 109 80 6 186 106 49 44 9 173 191 104 36 63 112 57 144 125 79 68 143 70 34 124 126 152 7 148 122 20 13 155 191 7 189 139 145 99 3 31 88 57 6 51 40 89 118 189 161 108 118 58 101 147 130 147 112 18 65 77 25 99 177 146 34 
179 156 189 18 71 188 163 159 23 109 56 180 26 188 35 73 71 163 52 158 157 71 14 73 4 99 73 139 65 26 169 151 50 63 122 8 150 108 50 138 20 187 37 78 159 6 186 41 87 28 85 16 137 148 111 82 193 136 100 191 73 36 97 178 37 169 19 98 143 130 61 77 93 48 
154 80 74 41 92 6 91 103 94 163 166 117 102 101 82 85 186 192 93 97 60 89 125 7 47 93 118 52 54 61 23 58 23 87 170 186 82 105 61 15 90 36 139 85 117 99 0 70 115 152 31 71 98 90 100 168 78 146 189 57 154 48 11 109 142 181 130 55 0 38 182 146 126 
121 21 64 88 157 151 45 66 163 43 166 82 75 177 48 196 164 132 193 64 99 14 123 84 57 32 186 198 174 172 1 85 100 41 59 95 116 120 178 79 69 24 178 84 45 69 131 97 88 186 166 62 190 87 148 81 112 5 154 27 97 128 169 114 5 86 60 132 37 75 11 180 
98 166 187 81 172 57 87 14 0 68 195 20 133 186 22 94 128 34 67 57 162 112 62 179 142 176 57 95 52 111 157 104 110 187 10 10 79 58 115 92 89 10 47 75 25 191 52 106 127 51 139 25 159 31 122 43 68 169 174 100 15 98 175 53 72 122 18 90 95 198 71 
178 58 121 43 187 59 197 158 134 134 94 95 39 85 38 55 47 102 112 86 116 64 15 126 43 168 112 58 75 158 38 20 13 47 123 142 131 119 193 165 123 87 123 25 144 22 153 40 92 190 179 134 70 199 158 192 126 52 125 137 185 39 135 160 14 188 35 50 124 98 
114 93 149 75 108 136 169 165 181 195 48 62 191 39 61 68 6 65 194 185 2 192 101 13 39 106 16 80 88 60 48 29 130 75 0 5 138 91 152 166 196 52 196 95 146 79 153 143 14 78 6 115 30 25 18 153 49 118 66 110 153 63 35 170 12 108 109 135 93 
141 28 131 72 119 82 67 52 165 22 30 95 164 0 148 156 118 151 135 174 113 37 165 175 70 23 190 53 174 32 118 54 115 72 46 72 126 35 66 190 111 62 199 152 46 23 9 47 18 119 87 0 160 24 138 30 157 1 27 60 71 110 73 69 88 138 167 117 
132 134 29 63 58 88 37 78 39 147 67 63 65 100 99 68 31 153 170 21 9 95 142 61 173 3 193 184 72 193 6 194 35 134 106 95 109 192 29 143 127 38 141 169 33 191 26 78 93 31 73 148 82 120 80 109 42 148 95 33 190 139 74 23 118 38 187 
11 38 139 38 115 144 0 137 50 174 162 168 110 150 134 155 22 83 121 199 136 154 7 134 179 187 6 199 112 165 36 102 147 158 133 182 74 28 178 183 107 71 183 80 69 0 142 12 40 101 130 99 13 132 57 53 89 83 5 134 86 34 14 173 67 129 
81 102 40 21 72 19 183 132 99 56 16 92 69 133 67 149 53 95 113 21 53 24 58 24 129 3 146 18 21 169 39 112 154 82 170 92 185 36 41 38 195 137 171 50 69 60 127 1 172 163 74 49 30 119 139 145 111 109 103 75 32 180 65 81 163 
173 127 135 177 19 146 199 93 165 64 44 20 4 4 45 138 60 83 137 129 117 170 129 63 26 21 67 17 196 15 18 67 119 186 102 146 99 34 45 179 11 134 184 126 154 59 42 121 161 103 32 133 80 27 159 170 71 91 109 5 143 42 162 4 
179 134 105 102 73 112 142 57 144 55 119 166 195 24 66 95 148 108 80 15 88 138 189 185 2 50 141 67 109 19 39 128 62 36 183 153 153 115 99 123 115 157 90 39 187 54 197 154 136 137 186 158 45 140 46 102 138 102 61 112 5 82 157 
148 155 133 45 82 146 98 107 36 151 80 82 53 58 11 50 43 71 109 123 14 24 173 173 94 173 105 23 26 40 43 2 87 167 154 65 146 142 59 26 124 110 91 120 98 7 5 19 141 100 13 59 48 109 175 166 138 112 50 109 75 30 
176 64 46 97 76 10 119 98 117 103 112 140 16 199 98 29 115 89 90 107 187 133 88 69 55 97 109 98 185 156 151 148 25 30 43 109 153 69 31 192 137 93 142 4 90 160 110 151 144 184 107 50 145 72 194 143 155 137 14 139 33 
154 165 161 83 193 179 72 64 141 163 1 64 95 178 176 132 197 185 181 63 184 148 135 124 14 31 154 12 122 102 81 76 70 159 139 15 41 64 35 45 86 97 82 52 143 154 59 157 79 149 100 43 133 140 77 114 198 12 100 129 
150 26 132 105 39 8 122 33 62 23 131 187 46 66 195 149 52 178 42 24 107 12 179 48 69 80 2 2 191 153 115 191 96 30 106 133 164 116 64 126 54 184 53 185 72 170 183 173 44 113 132 99 74 166 142 104 68 176 52 
119 91 86 73 61 177 25 6 84 2 5 8 196 169 101 89 81 194 179 138 181 49 178 150 171 133 84 111 144 125 199 154 113 150 53 60 172 1 84 113 76 73 186 129 92 73 194 118 90 175 68 156 65 63 31 79 78 52 
39 18 117 168 51 141 72 153 180 113 186 135 66 113 141 0 59 66 86 149 27 52 78 130 16 90 186 147 43 87 48 68 73 50 77 185 124 14 114 123 179 93 108 57 146 100 39 72 102 11 3 64 100 102 57 167 85 
20 184 19 92 155 61 140 192 83 157 19 1 148 132 15 31 123 94 160 119 123 111 100 135 96 116 101 83 141 17 83 94 34 154 35 174 47 109 14 107 33 159 31 102 164 171 55 101 37 182 1 24 54 1 123 55 
78 138 56 75 142 125 94 155 151 175 156 128 165 196 169 182 160 196 138 34 149 193 15 173 137 6 102 172 27 19 145 163 68 30 94 143 154 123 109 118 191 75 96 101 151 168 15 84 194 26 96 39 55 52 160 
2 51 179 61 165 172 25 105 127 62 11 169 72 96 44 65 14 148 192 154 63 82 90 17 2 135 81 40 73 173 176 8 125 120 165 103 61 183 53 116 138 58 199 102 116 131 87 92 144 136 193 7 150 101 
192 19 136 23 21 55 25 27 91 83 199 176 52 161 15 96 125 57 186 177 132 65 73 123 184 105 77 71 69 180 55 2 3 123 148 82 166 156 109 82 108 166 128 167 184 75 112 78 48 187 137 114 81 
143 7 73 148 129 198 92 194 28 39 71 197 36 80 98 23 74 72 37 95 143 49 79 106 74 41 5 161 157 187 145 92 157 68 54 75 141 178 82 122 20 123 199 28 193 93 128 175 188 97 84 188 
41 58 43 52 90 56 181 107 25 194 122 42 71 8 162 105 132 180 185 12 2 27 135 132 95 114 11 91 56 145 64 93 173 90 38 174 18 33 185 154 9 55 160 131 0 108 194 151 186 88 166 
9 123 70 37 130 2 45 159 48 62 157 104 28 48 146 4 169 18 171 54 26 112 180 173 167 12 84 181 170 45 183 34 13 14 177 91 84 185 43 165 71 146 190 31 34 95 195 14 117 174 
101 181 17 184 159 25 55 140 189 141 10 48 61 102 27 92 79 21 104 185 51 168 123 12 29 32 1 184 144 139 96 122 3 163 12 197 95 13 178 141 36 14 49 95 129 161 147 25 188 
120 92 151 186 163 115 46 138 195 94 52 100 11 105 59 65 46 169 40 109 122 104 191 89 125 42 147 48 55 43 75 154 176 137 112 111 165 137 94 60 7 12 94 95 61 71 44 161 
63 122 91 124 69 85 63 43 154 21 120 61 129 165 135 81 42 199 29 2 186 43 81 155 112 23 18 109 101 159 25 82 188 178 155 193 124 189 155 142 20 35 141 89 139 182 114 
110 140 149 9 49 118 167 158 8 79 181 114 8 127 53 56 189 165 20 96 106 144 128 155 198 173 9 157 101 151 142 189 168 104 14 197 155 146 79 171 52 3 125 150 127 79 
109 93 175 55 146 180 3 189 112 184 81 191 114 175 180 75 72 80 192 70 15 45 103 63 53 70 15 50 110 192 73 98 140 55 106 106 156 43 173 37 94 182 163 85 48 
140 26 15 146 74 176 196 128 174 115 21 6 174 171 134 137 142 173 2 24 128 24 25 121 147 65 150 90 168 173 101 190 1 163 88 0 91 53 129 119 75 172 58 24 
174 184 180 22 96 45 146 79 182 17 128 41 184 161 11 132 197 32 194 77 26 134 132 61 171 189 33 9 3 102 126 122 44 187 128 18 159 141 99 64 178 74 166 
4 46 161 50 199 143 49 186 141 6 46 150 27 31 192 155 90 53 161 78 50 122 198 112 111 104 179 8 150 62 99 39 78 66 59 180 183 170 129 11 90 10 
146 198 89 60 56 111 149 112 50 101 95 35 185 28 120 29 152 106 65 39 172 196 134 91 186 178 114 34 22 122 80 148 124 72 38 42 192 173 16 124 110 
92 56 27 166 172 102 188 133 32 84 34 156 98 85 169 89 99 143 165 39 28 163 103 80 55 59 141 154 99 104 157 39 90 126 34 74 106 99 167 26 
153 128 194 14 179 2 64 25 65 0 135 163 185 158 26 182 140 52 184 153 31 11 38 36 65 132 133 140 40 174 129 163 17 162 194 66 64 37 163 
98 65 95 22 17 151 198 15 28 52 119 125 25 196 146 50 5 45 173 92 61 87 27 136 142 180 22 125 199 18 189 182 182 173 6 28 81 17 
55 141 102 42 79 68 140 38 28 11 167 47 165 49 196 199 43 92 21 0 157 64 72 7 112 108 115 137 156 147 55 117 193 95 132 78 126 
120 139 67 120 84 60 15 37 132 174 44 159 46 15 147 146 83 70 15 40 2 133 122 173 169 190 3 129 169 157 170 149 42 197 23 82 
38 35 60 116 21 18 45 33 164 59 8 164 22 14 6 154 5 3 70 132 117 108 49 173 38 33 129 182 186 198 193 122 135 45 149 
27 180 197 135 83 50 48 164 47 58 149 35 126 108 115 157 5 72 135 28 22 148 155 14 57 43 72 154 137 144 199 12 82 179 
22 83 61 133 75 6 75 11 121 6 88 166 159 87 33 20 93 51 38 129 98 151 174 19 153 131 153 97 32 92 53 126 116 
3 18 21 65 27 187 194 123 110 72 82 109 101 29 172 112 197 19 127 185 171 142 43 36 96 191 45 118 39 14 126 56 
94 136 188 87 178 92 73 38 42 160 155 39 91 191 80 192 176 44 76 169 33 150 167 141 10 7 159 7 159 73 2 
134 159 109 28 138 88 23 38 60 65 105 45 58 95 4 150 3 184 146 12 109 44 0 111 182 92 32 136 129 67 
113 31 69 44 146 86 56 88 110 173 185 24 8 173 10 49 74 40 94 65 66 111 98 83 127 181 168 43 60 
67 162 191 144 194 150 30 110 54 71 129 126 133 79 50 126 99 150 177 40 48 191 153 0 130 73 186 78 
22 199 125 100 125 131 178 169 42 159 98 152 39 74 148 139 6 4 100 198 150 194 180 199 118 51 85 
63 177 169 23 197 116 159 172 140 13 97 199 41 102 126 83 51 172 113 106 104 102 63 181 53 197 
131 56 137 87 187 22 47 2 40 29 130 23 114 190 40 190 139 43 169 131 32 93 10 47 80 
70 117 85 18 26 91 95 95 175 93 32 129 195 144 135 102 147 184 185 170 176 131 183 85 
76 168 89 74 82 70 13 104 148 85 85 71 122 20 128 72 60 119 190 149 98 40 104 
148 94 9 14 153 82 158 67 29 103 116 49 80 163 96 102 117 117 131 57 122 67 
58 74 112 121 91 135 110 135 162 145 102 16 196 10 12 155 167 168 163 25 197 
183 162 197 106 91 152 100 186 57 194 60 10 21 94 13 172 56 156 20 9 
99 179 135 3 138 130 164 70 185 70 155 40 62 85 26 3 10 166 174 
130 199 124 154 183 86 99 4 101 128 49 105 54 196 75 111 153 156 
50 122 180 82 134 39 4 185 14 14 176 4 113 7 199 49 88 
3 70 108 172 39 49 71 93 72 52 119 135 187 22 152 32 
111 111 152 197 100 66 82 184 156 132 169 14 174 177 80 
179 63 151 187 181 52 140 24 166 76 7 85 127 191 
95 41 120 105 55 169 3 95 101 151 48 183 179 
28 59 126 108 112 43 15 80 47 30 33 10 
46 34 19 81 3 45 31 34 14 139 193 
79 83 29 22 86 105 8 144 170 29 
171 80 177 181 143 179 78 161 109 
20 56 25 167 131 113 194 29 
55 110 2 158 158 65 9 
40 182 10 85 42 71 
182 48 6 177 179 
19 45 69 156 
151 89 127 
67 1 
155 

