85
184 123 31 115 100 39 162 120 21 122 23 1 62 84 175 85 60 163 36 21 70 131 58 193 178 154 31 95 92 15 155 7 82 148 114 178 182 33 127 123 173 197 181 13 11 74 90 86 61 58 58 2 7 22 15 50 1 171 199 159 112 94 172 199 27 43 11 9 49 155 188 45 28 171 36 120 18 155 148 34 92 37 50 113 
74 191 131 107 20 129 29 5 152 105 180 10 177 3 7 7 20 170 60 145 34 182 23 191 40 86 155 124 184 136 153 193 198 106 130 62 13 10 33 83 95 181 133 44 57 165 135 117 162 38 48 105 13 55 46 132 142 146 132 30 20 48 78 140 19 28 83 196 90 186 136 180 192 173 159 92 106 55 156 163 42 26 27 
55 191 197 2 48 120 60 145 25 196 165 48 85 17 28 161 86 11 65 153 81 191 0 185 54 52 148 18 89 22 52 34 182 122 122 45 135 120 64 40 59 18 60 45 41 170 150 125 131 21 134 20 92 88 98 112 86 175 164 192 29 128 198 124 180 184 123 166 177 184 33 166 166 139 20 41 26 128 197 4 121 193 
83 22 45 159 181 116 25 25 36 120 60 5 140 62 38 57 33 157 112 138 138 123 77 146 17 1 61 138 100 48 119 33 166 80 119 73 143 189 45 107 175 19 12 27 40 97 150 192 127 19 159 133 107 58 68 27 145 66 193 49 106 37 32 8 4 51 119 143 29 142 156 173 190 77 81 160 103 60 46 50 109 
60 141 101 68 76 133 85 17 74 38 153 113 36 55 148 104 27 70 134 15 4 2 192 85 18 132 141 88 46 12 99 8 10 191 109 104 174 70 79 167 0 146 199 13 91 35 88 196 68 71 37 41 190 42 94 157 119 156 96 110 79 47 41 102 6 47 50 74 173 125 138 17 118 130 187 53 150 176 3 195 
119 45 20 42 189 57 182 178 146 115 159 71 0 88 161 66 185 49 146 49 45 124 138 194 0 129 63 3 75 87 122 84 156 17 108 76 4 90 175 175 143 123 75 136 195 10 190 88 76 133 111 28 112 106 14 117 146 172 175 61 136 89 42 76 159 79 6 55 78 108 69 173 68 151 28 196 95 40 162 
121 184 7 149 3 60 107 11 27 122 68 97 156 165 96 138 93 180 0 115 133 179 170 91 98 100 2 81 67 108 82 159 172 118 93 14 141 107 157 42 149 87 74 17 55 107 120 185 27 50 42 15 129 129 42 21 19 128 178 157 12 152 59 196 69 24 128 181 7 198 182 41 67 189 6 90 175 9 
140 34 117 147 198 9 102 65 46 155 41 80 95 38 51 176 67 95 190 98 128 123 1 40 5 148 95 33 127 153 88 124 64 20 180 22 140 21 27 164 53 21 163 47 12 69 108 83 176 112 110 108 89 100 167 107 45 97 30 37 99 155 64 138 54 147 80 56 118 159 93 196 122 72 72 123 194 
197 22 156 121 74 137 128 137 132 161 97 189 65 117 44 98 75 151 184 63 43 98 180 157 0 51 167 144 75 92 134 127 179 165 96 5 163 186 147 79 15 162 153 28 18 181 41 72 162 54 71 65 15 13 122 38 16 191 1 140 3 50 66 192 182 129 65 13 18 99 136 65 10 110 52 110 
117 125 190 120 173 113 15 160 144 76 74 170 166 31 118 101 4 1 161 68 87 193 125 67 183 57 10 194 107 198 87 18 74 17 82 192 6 58 28 58 153 153 176 55 179 187 106 198 97 146 38 123 25 29 51 92 54 162 112 63 162 89 116 72 143 122 155 135 98 27 58 154 71 175 16 
177 136 180 9 47 172 80 42 83 192 29 68 32 191 163 51 19 108 145 50 123 158 179 176 138 149 129 112 127 33 175 52 187 183 67 84 43 136 158 95 18 50 179 173 23 46 132 165 51 153 31 193 132 5 40 48 91 63 131 111 125 133 198 136 83 77 167 131 143 53 103 32 120 57 
132 114 23 20 113 57 196 191 22 89 173 83 115 145 132 198 191 103 146 153 48 59 18 105 16 157 167 76 70 199 101 187 136 27 80 31 116 145 110 30 91 163 141 77 91 111 83 96 67 76 59 47 75 187 29 102 152 36 106 56 46 129 152 92 79 174 42 105 68 52 167 131 94 
196 149 83 55 86 133 81 180 192 101 171 185 72 187 37 176 12 146 81 86 13 144 164 89 94 9 49 82 29 189 153 6 162 111 161 74 107 1 98 166 67 5 173 4 71 7 14 79 123 62 95 6 39 185 75 20 195 24 26 80 80 79 113 50 140 198 135 4 108 3 129 38 
178 26 96 101 67 165 32 68 84 185 131 74 150 47 0 79 32 183 70 195 18 3 119 44 55 48 94 142 71 131 88 74 47 159 104 37 189 39 102 132 93 107 0 184 51 8 137 64 77 87 4 58 139 20 61 173 104 170 118 70 49 197 131 166 128 73 17 2 110 174 156 
119 52 163 37 54 81 13 133 102 192 22 144 88 105 7 160 108 93 94 130 125 5 93 70 50 11 32 142 97 174 153 141 130 50 135 55 132 110 83 169 10 60 188 140 170 156 112 11 154 33 149 159 90 111 182 103 28 178 27 153 84 39 30 174 104 138 64 16 197 14 
133 107 73 85 107 23 111 5 129 131 110 62 104 192 39 109 50 122 94 90 72 74 75 75 65 50 199 78 6 141 196 68 58 91 125 110 86 43 129 178 141 21 80 172 140 7 103 68 98 23 70 45 148 52 65 33 39 56 66 55 93 93 48 109 144 24 15 27 59 
96 59 27 96 113 157 187 0 61 75 182 104 127 59 123 28 170 146 73 171 60 103 167 184 115 107 149 129 190 181 162 84 127 142 74 152 72 128 153 169 33 102 81 178 22 193 88 173 156 8 8 176 126 13 58 103 18 199 27 34 121 198 138 130 193 80 5 142 
39 73 28 17 20 118 160 85 25 175 197 190 33 120 166 64 181 177 117 61 96 168 105 77 108 124 9 105 142 149 1 55 191 176 87 128 91 129 128 55 174 80 10 150 88 50 104 63 188 52 128 17 51 21 42 60 1 65 59 117 85 168 197 16 177 159 199 
60 57 79 58 9 117 18 82 13 92 195 177 102 10 54 171 9 31 76 10 162 42 191 127 151 135 58 50 100 5 37 124 196 152 55 97 143 19 49 76 124 100 69 178 73 102 107 60 132 39 91 29 64 174 70 150 90 11 90 6 27 65 88 132 89 45 
1 35 76 161 153 98 158 175 62 156 151 46 190 10 41 54 22 198 60 116 112 63 115 196 189 122 17 192 47 177 185 40 93 96 74 171 143 192 180 29 187 31 98 71 185 171 139 97 133 125 43 171 43 133 181 190 69 195 135 133 185 26 141 183 112 
124 118 135 74 104 153 107 49 163 51 77 41 119 186 133 192 165 24 48 15 176 93 116 69 149 195 140 109 37 159 81 22 169 3 149 96 118 18 110 147 8 56 145 84 101 177 124 21 199 10 4 130 154 43 118 22 192 108 19 175 179 59 124 4 
86 65 168 71 136 47 40 189 14 97 48 130 107 123 90 136 59 149 131 60 73 11 110 135 120 162 163 12 120 0 165 19 75 24 123 42 108 3 35 164 16 91 100 144 197 67 85 190 61 136 145 192 152 171 85 29 24 135 35 113 109 136 153 
185 90 134 148 104 107 24 39 189 179 127 185 45 149 96 3 79 14 96 94 167 95 148 72 81 32 94 96 75 155 126 133 70 45 168 122 160 100 4 36 39 88 54 152 119 138 185 170 59 76 155 35 187 90 138 55 96 19 2 88 50 41 
23 189 148 131 193 156 194 104 153 3 97 113 102 157 65 145 68 136 132 145 3 39 44 77 126 154 184 2 35 37 9 26 60 73 47 22 93 71 89 159 70 121 87 37 85 20 98 136 145 102 178 22 175 66 47 92 35 187 123 157 24 
112 0 3 14 152 135 175 66 93 14 155 46 133 39 57 116 179 135 26 23 141 112 48 135 43 48 82 99 176 134 16 15 40 99 123 29 0 143 82 41 14 45 193 134 50 103 6 139 136 8 69 38 24 181 174 115 154 59 171 171 
136 147 170 8 51 169 65 74 75 151 123 157 169 80 49 56 18 46 46 23 131 194 170 194 123 163 150 56 57 77 76 114 198 118 150 99 180 21 175 32 52 102 121 0 26 161 111 162 39 172 193 105 9 30 65 123 15 150 79 
151 63 132 126 129 155 117 135 98 111 171 199 61 98 108 91 108 106 177 121 30 128 77 191 139 199 20 2 102 109 43 121 47 72 78 168 131 148 156 181 187 35 167 61 113 153 40 19 0 80 104 137 182 83 142 108 138 120 
77 34 93 21 183 76 169 31 136 189 158 188 11 82 54 10 159 129 24 72 56 182 101 114 131 94 87 152 76 3 119 6 83 30 128 46 188 35 53 160 160 150 49 80 91 46 191 41 182 111 59 198 36 61 52 163 171 
196 32 191 174 22 29 198 11 172 62 149 169 90 128 126 74 78 114 94 96 93 34 143 99 99 176 143 179 173 101 15 45 30 139 40 198 69 11 125 150 76 93 187 185 68 158 173 30 137 177 88 55 42 188 73 188 
28 186 37 53 78 131 113 35 116 138 48 34 132 196 34 47 174 98 177 179 1 58 9 110 86 66 147 181 198 11 159 102 29 60 70 85 113 55 78 147 103 110 87 107 161 151 141 63 39 36 73 10 137 156 77 
19 137 100 182 61 4 2 38 56 165 81 174 18 111 2 145 79 72 28 107 20 41 22 33 161 95 125 189 19 30 114 105 17 107 100 27 11 179 83 187 138 23 60 163 156 62 4 124 64 87 179 12 166 161 
2 94 75 94 89 43 197 159 105 150 153 130 134 48 95 43 176 133 185 133 110 53 191 40 43 23 3 191 135 149 44 136 66 167 60 30 99 145 12 100 53 52 5 167 90 127 30 108 29 30 96 115 16 
160 152 12 66 49 188 5 133 14 56 61 114 56 99 1 168 40 114 81 189 139 52 67 155 189 198 167 8 167 5 19 30 184 177 155 52 4 60 139 77 85 164 194 36 23 172 103 172 153 105 162 92 
152 23 91 114 147 79 58 46 189 131 113 189 195 140 155 117 198 174 106 175 151 65 107 69 19 50 1 85 139 161 178 66 26 79 48 76 177 45 166 62 115 133 158 182 61 56 20 155 186 178 29 
139 143 112 199 33 11 139 158 24 123 58 45 179 53 185 49 36 118 155 112 121 164 169 76 9 107 172 14 46 1 67 75 157 19 165 11 13 121 87 170 82 1 129 83 138 67 168 109 132 11 
53 157 88 164 74 144 141 79 21 174 9 71 192 21 30 24 164 128 109 70 105 149 163 147 47 9 57 81 136 68 99 175 170 197 193 49 6 159 62 103 126 109 151 35 157 56 144 33 168 
133 109 119 151 28 129 118 175 181 136 119 41 105 198 128 136 151 49 142 34 141 91 155 132 176 43 81 154 71 57 98 127 178 192 129 126 101 17 119 87 192 96 109 106 179 144 112 30 
108 1 178 25 103 188 74 38 11 179 193 54 134 38 183 27 125 93 120 9 125 120 146 116 27 18 49 69 173 37 134 6 9 143 120 96 72 160 0 166 9 23 19 75 186 116 142 
118 24 148 9 197 30 173 166 107 150 99 166 23 68 185 34 55 161 138 94 118 183 138 187 144 167 93 53 62 144 12 68 181 146 126 151 7 58 104 183 58 113 107 55 171 96 
81 106 109 178 91 152 92 152 62 87 15 165 179 56 48 139 74 142 8 41 187 166 57 50 118 117 18 126 17 85 193 193 120 149 176 13 0 18 95 136 63 56 116 196 136 
59 15 20 180 141 91 1 29 146 70 1 70 39 197 15 9 15 1 140 55 11 3 113 133 165 87 107 138 132 81 193 188 84 177 16 120 133 32 23 39 191 143 62 97 
38 135 114 119 188 126 76 139 10 140 192 113 18 149 162 77 43 138 120 127 45 178 31 10 102 168 87 26 72 122 143 59 187 56 129 163 83 119 63 161 74 177 82 
56 139 21 133 184 177 175 140 48 86 182 79 173 190 54 120 132 85 68 127 94 157 105 196 139 76 145 174 10 47 30 43 86 127 178 189 58 159 75 172 96 67 
87 175 43 7 193 46 116 66 13 192 131 161 47 182 176 4 164 177 180 42 181 191 66 22 84 192 97 153 88 156 143 143 145 186 98 17 29 138 81 73 120 
3 1 100 27 97 107 14 18 31 70 142 103 27 10 122 74 110 16 135 154 11 78 164 7 71 32 8 198 124 56 196 169 17 62 191 129 79 78 172 177 
142 145 182 153 101 6 18 123 145 42 158 178 49 124 127 134 94 149 21 31 128 172 50 159 55 154 68 106 141 20 95 158 136 138 40 32 10 180 0 
94 47 117 113 64 178 138 24 76 119 130 16 58 173 121 133 129 67 62 53 30 12 27 128 144 198 71 139 125 30 76 36 160 175 74 170 32 101 
50 186 112 3 121 13 80 109 39 116 31 70 12 188 26 197 12 104 175 71 95 10 111 125 127 61 170 116 138 15 72 132 46 44 161 154 113 
151 14 180 126 103 53 39 19 76 1 113 188 122 69 7 66 165 132 116 171 124 2 77 107 159 28 89 97 119 69 110 165 181 176 113 192 
84 88 83 165 68 67 109 162 141 27 170 130 142 86 72 86 50 134 166 189 184 24 70 68 0 140 4 59 142 92 194 150 119 22 112 
113 138 168 88 30 105 124 62 134 130 109 191 115 101 168 120 123 169 85 104 138 57 18 37 93 169 86 164 7 45 82 153 152 97 
95 176 52 116 51 148 94 192 108 151 80 142 166 129 22 40 69 171 41 73 80 30 175 128 103 181 127 169 80 33 20 46 187 
132 14 181 21 116 103 199 114 198 73 111 26 7 72 92 51 79 0 104 113 75 13 166 172 69 114 69 147 130 62 172 184 
110 199 8 87 136 54 90 164 83 179 104 114 35 174 101 143 90 160 187 44 4 198 75 114 177 91 119 181 127 2 14 
132 107 63 105 148 10 126 63 89 91 131 72 195 188 120 34 79 148 49 139 55 89 147 157 85 72 14 137 20 178 
83 30 105 99 92 27 53 100 27 168 174 19 56 88 170 95 62 141 148 113 84 75 154 14 86 34 54 17 151 
84 54 60 11 182 57 139 42 181 171 160 182 23 67 168 180 45 98 170 161 173 31 20 183 27 140 78 29 
179 194 98 92 85 165 26 58 125 89 121 10 124 27 166 85 68 49 118 92 51 18 180 130 165 121 55 
142 59 49 190 5 122 45 92 102 172 145 170 34 49 112 49 23 117 130 126 132 84 72 47 110 154 
153 71 57 88 74 68 101 48 188 33 23 16 157 107 181 7 94 16 5 117 53 50 60 190 186 
110 137 41 13 123 145 153 107 85 109 162 108 35 52 16 158 93 159 38 80 199 102 36 137 
195 76 65 170 182 132 59 126 70 45 23 22 27 43 183 172 62 106 21 187 114 174 47 
178 122 5 3 112 143 192 151 75 187 140 17 86 149 114 94 138 161 0 88 134 23 
47 62 160 148 90 105 43 92 138 30 48 93 149 132 52 133 62 165 141 132 144 
188 189 43 131 189 55 10 86 151 160 3 49 155 150 167 64 89 16 109 92 
51 13 156 125 82 94 82 51 146 109 112 102 120 128 67 110 61 12 23 
97 171 110 173 141 88 195 72 106 179 97 32 3 188 33 159 125 85 
4 128 2 153 34 25 141 87 71 79 102 187 6 30 73 167 195 
4 19 141 107 57 172 80 178 171 187 29 197 126 88 20 167 
82 35 146 69 26 115 50 166 28 5 39 175 17 4 58 
18 160 18 19 97 2 71 149 183 139 141 10 169 137 
161 187 66 24 110 70 43 123 71 74 141 153 57 
181 34 195 162 103 95 89 117 69 139 59 129 
14 134 198 20 139 102 25 114 45 168 6 
109 127 172 155 177 160 132 49 168 164 
62 133 52 20 140 103 155 159 74 
175 160 26 131 12 40 177 94 
50 64 53 12 65 57 22 
152 10 95 181 109 133 
128 173 8 104 130 
195 115 191 158 
132 181 16 
175 88 
72 

