90
2 177 182 168 7 76 80 160 16 92 108 191 81 118 128 118 93 22 126 79 111 115 157 71 151 117 147 46 176 33 152 141 73 69 79 81 18 55 52 41 168 164 44 31 66 68 34 194 199 9 160 109 88 197 26 122 51 160 184 193 2 41 33 13 143 139 1 72 138 154 186 14 198 45 191 107 172 120 111 42 141 145 23 150 86 72 188 87 180 
147 45 136 72 22 15 190 24 60 135 99 135 118 115 104 189 145 96 160 152 176 63 58 58 174 136 21 70 69 72 176 197 137 141 58 61 128 81 74 44 27 189 100 106 114 184 110 172 83 106 146 49 154 185 49 0 119 172 118 79 50 139 0 45 36 150 73 149 75 86 170 157 75 100 112 50 94 102 40 95 170 166 51 119 104 104 111 97 
121 67 114 36 121 13 76 28 166 40 9 83 108 195 19 100 76 148 37 121 28 61 66 19 197 139 107 85 75 170 170 144 36 158 8 104 132 91 199 30 127 122 115 179 122 29 159 158 55 59 29 117 191 163 63 93 23 99 149 197 147 192 40 172 192 92 19 33 129 146 43 193 28 32 12 160 78 110 20 114 174 18 43 7 8 40 31 
95 79 84 51 24 115 145 171 180 113 158 101 186 27 192 81 3 61 122 104 121 8 4 159 135 64 2 72 92 35 136 159 54 167 180 38 28 124 133 94 28 56 182 74 86 152 147 160 2 197 77 5 62 106 192 170 117 47 1 93 15 61 189 95 164 132 72 25 93 59 104 47 59 138 174 106 153 193 191 134 114 19 59 181 104 173 
62 71 53 154 30 122 83 38 118 122 162 54 188 11 127 101 157 148 122 72 32 176 120 173 65 81 102 156 145 104 52 171 193 191 15 126 133 185 37 134 128 110 3 53 80 194 41 47 128 122 66 114 4 85 44 89 126 96 83 132 19 85 137 109 15 196 78 11 29 156 176 26 191 115 192 148 154 42 136 83 14 46 124 131 199 
94 129 147 191 78 173 33 58 86 106 46 123 14 191 15 9 157 64 25 195 193 19 93 39 56 88 23 124 124 106 151 86 76 182 199 129 155 152 6 13 43 198 143 180 98 111 101 169 7 159 173 63 173 83 104 107 192 172 189 193 83 136 170 137 156 166 103 101 196 186 3 136 128 177 182 32 13 135 11 107 41 118 135 101 
180 33 74 100 57 35 121 111 184 137 179 46 138 51 58 60 75 9 140 51 92 6 191 103 11 34 27 87 22 119 47 95 135 47 0 103 157 28 95 49 142 195 161 148 79 178 164 194 129 9 138 19 68 105 189 12 155 121 41 96 55 68 54 185 39 165 143 57 20 25 2 6 14 34 195 53 192 66 130 15 137 189 30 
10 135 85 187 4 157 167 134 84 195 67 154 136 130 55 41 177 80 34 51 50 46 179 178 159 47 187 54 174 131 186 16 77 32 18 144 78 119 85 78 27 139 191 29 199 193 29 3 181 52 144 152 49 62 134 175 73 135 134 124 62 32 145 199 24 159 150 58 195 158 35 195 180 91 143 39 96 84 117 1 128 130 
151 93 38 115 22 161 155 139 141 182 14 8 134 53 106 156 147 25 1 158 48 177 197 87 55 8 35 137 60 36 171 10 177 54 64 199 40 172 79 157 42 105 174 50 197 88 194 54 118 39 27 61 167 163 178 98 80 48 54 9 169 105 168 76 174 189 98 39 105 31 109 42 176 180 3 188 54 159 46 92 61 
103 168 12 168 117 85 43 64 106 50 50 60 193 165 30 12 99 156 56 12 44 3 55 48 109 51 143 89 83 104 80 162 174 101 89 127 113 113 145 39 38 57 90 55 3 120 186 108 102 76 167 64 44 116 69 27 180 35 148 76 116 152 28 97 53 38 32 7 2 117 145 116 177 25 100 68 131 64 103 75 
75 15 16 12 72 128 48 70 198 124 85 194 52 188 20 181 65 193 66 95 106 96 77 188 198 159 159 37 91 151 30 47 55 132 64 50 121 118 187 0 52 14 15 149 106 180 104 68 2 85 38 29 89 122 191 173 6 198 121 96 162 75 128 47 56 2 150 148 131 73 165 4 11 154 145 159 49 160 108 
139 1 173 120 86 154 78 67 193 153 156 76 17 116 73 82 49 199 145 122 37 109 53 0 166 128 95 166 29 75 42 114 64 52 153 66 81 89 34 4 34 121 157 131 137 195 146 154 26 3 88 142 67 122 83 151 118 125 177 9 46 67 48 14 199 6 4 5 186 5 30 63 117 53 130 57 40 177 
96 26 71 110 26 138 4 137 133 45 3 119 167 45 26 179 74 44 151 26 88 136 76 40 79 48 78 4 95 88 89 107 47 42 22 14 168 135 168 159 118 108 132 71 135 54 39 25 46 110 9 199 46 44 112 189 197 140 86 115 85 148 2 58 189 148 94 152 68 167 100 146 30 120 28 193 100 
169 140 108 117 60 32 108 10 87 155 150 57 32 185 88 127 135 30 164 113 66 43 20 27 9 23 94 199 177 1 147 192 15 95 16 145 34 24 9 140 22 25 95 170 163 21 146 54 22 99 155 134 191 67 162 34 159 145 124 141 42 121 77 28 33 146 163 134 4 172 43 46 47 59 31 20 
154 118 152 42 50 199 99 100 138 38 192 30 141 184 123 43 77 162 155 69 107 146 133 71 190 134 197 154 165 102 32 9 177 194 142 15 50 182 65 166 124 183 113 45 40 111 85 5 143 97 104 169 50 182 180 27 194 27 141 109 158 55 49 159 66 103 188 112 163 54 11 8 117 192 181 
49 28 121 193 113 140 99 194 113 3 8 21 45 125 194 37 170 71 154 108 96 59 48 42 92 71 151 108 54 108 113 83 39 141 57 166 43 53 191 106 118 34 29 121 177 69 168 66 139 147 53 55 98 140 142 55 30 177 157 67 195 52 82 28 132 134 66 135 120 60 171 150 117 48 
142 83 46 85 154 157 41 164 149 117 23 124 122 187 106 104 76 56 172 81 96 112 4 8 100 147 172 37 186 129 77 31 157 109 23 37 148 3 29 80 167 153 61 119 183 115 38 118 79 80 58 139 170 27 186 98 92 178 144 26 63 125 35 70 175 194 7 197 26 154 87 186 119 
154 139 164 121 116 69 191 72 122 70 127 100 168 139 159 119 177 30 148 10 61 31 90 106 197 106 149 142 19 2 199 57 185 30 134 177 163 94 99 35 98 71 186 143 101 199 197 85 162 140 173 7 58 159 65 103 181 81 13 4 175 62 92 126 50 135 86 111 8 97 113 54 
149 152 196 98 127 134 66 54 174 53 10 158 167 125 27 184 195 59 122 76 77 7 186 23 125 112 29 130 44 87 108 42 11 35 62 165 182 17 24 9 62 53 88 151 77 192 150 91 124 115 38 35 70 29 20 195 65 36 187 19 107 175 194 52 34 80 186 59 63 109 196 
116 8 10 59 164 124 173 43 185 129 82 102 43 172 20 161 156 153 106 95 15 161 52 187 71 30 169 64 18 197 42 94 125 157 111 142 104 187 88 33 68 84 159 157 75 165 88 123 104 6 183 92 176 97 151 120 195 41 105 179 137 104 66 114 115 148 55 77 121 20 
45 108 64 82 62 68 94 3 44 135 29 83 152 5 128 129 1 28 60 33 130 65 131 1 56 171 133 14 155 124 187 26 63 163 180 126 85 191 139 18 30 46 2 174 196 92 40 52 21 22 118 47 95 128 152 112 119 199 62 2 67 10 194 179 168 159 13 153 98 
25 13 124 128 176 88 155 82 38 86 157 163 122 98 166 47 79 79 69 180 128 53 96 25 87 188 31 180 33 102 174 134 26 32 127 100 8 182 135 110 2 76 28 156 97 38 72 126 111 169 113 115 116 117 64 77 140 35 7 5 77 142 51 67 105 199 185 117 
127 141 149 74 53 107 111 48 138 76 73 192 89 169 19 38 63 175 137 9 184 191 43 138 140 14 44 199 101 106 179 174 112 35 191 162 92 111 119 152 86 32 63 171 62 83 21 98 195 70 151 66 169 100 24 111 120 159 91 188 5 8 189 181 65 195 120 
149 130 120 124 115 136 17 129 162 198 0 136 130 70 30 138 114 105 177 103 71 59 116 76 67 133 3 13 111 63 121 162 26 141 148 186 46 110 11 163 79 63 11 75 156 188 46 191 178 139 140 11 41 108 85 22 41 45 77 40 47 66 161 173 18 43 
41 93 145 2 116 93 8 81 93 151 192 153 123 8 103 55 56 154 173 25 84 125 53 168 143 49 7 125 146 23 64 108 112 65 128 115 171 91 42 2 36 174 134 150 21 199 17 129 190 125 163 12 95 1 55 88 152 25 102 131 112 185 121 2 171 
53 188 38 173 172 185 76 24 161 178 91 196 165 165 8 192 97 15 199 186 73 109 47 101 4 99 65 44 56 27 155 11 134 196 93 3 1 91 140 44 18 49 146 38 22 78 124 3 29 119 128 41 189 26 173 101 45 166 5 59 90 111 66 133 
25 6 192 152 151 56 138 29 83 24 118 72 38 82 149 29 164 103 160 71 161 157 157 15 107 119 26 149 190 95 55 150 81 138 62 0 134 10 74 181 99 86 193 101 196 196 20 88 120 67 158 46 33 165 94 38 29 120 180 68 91 66 118 
79 124 189 191 38 159 122 22 118 135 51 31 38 33 4 148 82 128 35 109 162 59 22 190 193 24 145 167 108 163 117 52 66 194 197 28 94 32 189 166 136 45 160 132 36 131 89 20 33 46 161 142 160 98 176 14 60 56 17 77 169 56 
35 97 156 18 159 15 157 111 173 101 36 145 24 6 59 130 101 112 163 29 181 40 198 197 20 165 144 14 97 128 60 156 107 117 120 122 79 177 192 92 48 25 188 112 22 29 66 6 86 180 148 139 69 196 167 59 194 22 33 79 162 
58 8 157 150 105 109 179 131 104 192 140 84 181 156 38 70 81 45 53 43 182 22 187 176 21 139 21 119 40 50 102 71 141 170 33 6 73 194 168 186 98 146 51 146 16 173 92 29 19 3 82 65 188 48 182 163 106 88 110 94 
190 178 127 122 150 95 76 10 80 93 20 89 120 84 82 153 104 78 163 94 162 79 156 17 167 34 26 166 103 84 110 19 150 1 119 190 198 143 67 62 98 78 67 180 69 104 49 6 73 110 105 55 155 117 170 60 167 51 183 
187 61 27 65 195 126 109 3 7 126 29 154 102 177 22 185 183 179 160 74 89 17 116 49 143 72 11 52 33 22 50 69 198 109 24 133 142 149 131 117 136 3 14 65 136 147 61 96 165 58 10 61 148 184 101 180 135 190 
139 64 13 177 43 181 27 158 61 158 1 46 169 130 128 97 191 156 52 18 35 30 147 25 22 49 98 94 80 182 33 172 63 189 7 137 139 31 111 83 126 86 118 123 68 191 102 52 159 113 1 187 190 63 128 59 112 
144 83 112 28 114 187 166 58 186 88 25 122 137 136 197 73 153 39 128 58 36 56 166 21 97 181 104 129 190 199 196 144 173 54 97 132 5 131 97 190 169 22 159 192 196 110 16 121 19 100 174 103 117 171 128 144 
39 167 14 47 159 30 139 42 124 162 127 45 165 195 132 117 161 97 196 159 124 197 145 123 116 49 194 159 97 36 15 70 199 75 92 149 177 137 190 54 155 62 39 19 164 190 40 183 132 77 189 17 97 163 191 
102 31 126 144 20 85 47 149 126 82 34 69 174 96 184 4 94 150 96 76 23 112 127 113 69 68 181 66 174 75 84 71 41 23 133 139 149 150 112 133 89 107 114 40 57 182 160 198 54 166 195 168 4 27 
67 10 57 91 163 14 54 176 52 183 163 52 169 72 129 36 166 180 50 20 39 16 133 47 125 10 121 186 164 132 136 167 79 106 81 8 71 68 111 34 121 147 142 121 195 112 29 20 31 123 176 24 47 
137 165 89 71 86 114 129 62 130 66 50 124 149 122 45 68 176 19 62 121 45 13 55 102 86 16 31 116 33 157 64 1 122 160 39 53 174 31 58 193 38 114 116 75 135 175 164 167 51 168 65 148 
0 153 21 193 51 133 83 88 2 141 83 187 193 174 170 171 101 70 41 111 43 40 72 25 136 30 154 96 50 112 0 169 196 95 185 68 102 125 118 51 182 161 105 66 195 103 151 4 91 63 186 
148 6 43 31 171 135 135 145 68 67 125 14 102 51 12 24 182 39 15 99 56 65 67 123 93 51 124 110 138 188 10 144 193 171 8 136 105 180 107 81 3 20 180 154 158 156 80 81 116 30 
5 195 53 190 50 85 104 177 91 151 150 54 24 174 133 43 154 58 45 91 54 69 60 83 161 79 163 133 68 137 150 157 20 59 87 3 129 117 142 25 10 189 153 139 160 68 10 93 8 
152 134 61 83 122 56 105 14 82 153 9 55 17 9 76 114 30 50 182 70 87 57 82 134 10 21 128 95 143 23 73 156 123 166 26 29 76 54 181 24 141 131 4 171 140 30 88 71 
116 83 121 111 98 157 73 60 173 136 14 157 51 90 96 50 71 137 104 14 155 173 89 123 163 92 125 58 14 72 23 75 21 18 183 48 72 37 174 104 104 46 187 124 152 92 168 
66 111 87 145 117 168 33 160 156 28 80 153 179 88 123 96 72 116 69 130 24 109 78 61 84 115 56 12 183 116 111 163 131 40 42 85 144 192 38 10 33 130 126 3 81 135 
51 183 97 195 89 68 19 60 174 59 45 41 53 4 176 153 44 127 156 9 89 95 1 134 128 155 73 117 99 108 107 161 120 133 172 81 189 144 89 140 132 134 128 123 142 
13 112 65 189 182 135 129 185 57 65 89 122 41 79 53 103 19 153 175 77 193 52 186 86 157 8 152 169 92 194 79 153 25 45 5 46 77 51 166 65 155 185 13 102 
89 103 131 73 23 70 184 83 149 41 68 88 8 191 63 161 129 192 126 70 154 27 199 96 148 147 125 127 150 186 96 78 112 35 35 181 139 52 128 28 48 167 153 
7 45 39 125 11 99 48 139 10 12 137 191 145 64 20 22 134 172 23 113 155 103 97 77 38 70 148 186 1 121 113 6 171 172 167 159 124 31 183 14 118 123 
74 127 99 86 50 19 107 155 29 55 83 122 188 126 1 196 89 122 34 149 193 1 173 167 137 141 54 179 127 21 141 139 195 79 139 77 195 104 110 127 153 
169 145 21 95 128 110 27 12 163 86 112 134 163 28 40 137 29 106 112 165 150 59 18 2 80 69 7 116 91 152 198 183 163 153 157 52 134 143 26 177 
84 187 33 170 2 176 181 159 171 119 181 166 128 130 128 65 135 110 34 143 69 122 181 195 79 165 174 18 43 65 92 187 138 190 163 27 80 175 0 
32 88 149 108 8 59 90 155 129 26 3 150 176 9 141 74 124 175 133 104 33 108 150 108 130 136 2 68 129 163 184 97 183 87 60 179 153 78 
20 33 80 78 177 137 111 96 0 20 199 93 125 104 112 179 95 67 145 117 102 21 158 131 86 55 100 83 49 161 36 45 27 123 27 105 68 
133 56 41 55 69 117 62 161 22 158 132 197 132 40 66 66 178 137 6 119 0 158 128 87 100 190 109 195 1 48 184 126 155 53 45 178 
85 123 4 78 157 81 67 35 178 143 95 136 128 82 189 27 45 29 122 118 25 57 60 9 71 58 190 94 70 166 4 64 126 59 27 
137 109 118 147 30 177 87 96 41 93 169 166 115 179 63 116 135 135 37 166 36 172 96 120 83 23 162 26 193 47 90 184 98 138 
57 38 147 192 72 42 160 10 28 61 18 84 27 81 33 172 46 130 196 183 134 148 71 162 120 94 105 167 123 118 141 15 24 
171 95 96 188 139 69 66 138 17 12 177 173 163 194 48 42 81 25 150 77 192 93 31 36 195 191 127 118 103 61 23 80 
120 18 37 78 120 83 150 197 101 74 162 76 125 44 80 180 100 194 98 172 87 155 90 186 46 77 75 35 141 11 31 
73 78 86 198 61 11 2 90 18 9 105 1 110 120 31 173 168 117 18 159 58 36 170 7 159 162 136 33 109 131 
130 99 15 25 169 54 145 16 58 94 49 156 180 139 131 15 112 29 152 25 167 110 16 86 165 24 168 180 124 
133 43 46 104 70 100 199 24 20 160 84 84 45 180 55 7 8 26 36 109 164 184 77 78 26 57 132 34 
163 146 88 114 82 130 158 127 94 171 14 21 62 146 195 147 179 15 71 164 42 197 70 36 118 155 102 
7 47 24 50 144 198 46 40 136 52 76 90 63 82 83 66 68 83 197 128 192 194 154 91 60 194 
27 85 74 90 31 61 105 77 169 3 90 71 95 88 176 86 74 40 60 158 145 51 183 36 159 
177 151 188 122 187 97 32 87 20 105 17 121 28 114 60 78 121 99 30 114 70 91 57 183 
56 168 172 2 82 119 153 192 58 22 93 53 195 47 181 59 143 60 188 189 87 175 162 
57 106 83 16 147 165 59 5 178 23 144 186 12 72 103 10 4 31 127 169 180 89 
147 35 87 94 175 170 56 2 130 124 165 85 147 162 152 2 62 48 48 178 110 
25 48 51 119 179 114 86 95 45 28 127 77 197 125 107 28 89 109 113 84 
14 108 29 48 42 171 37 159 6 14 50 189 144 38 54 110 80 175 75 
140 123 100 132 63 4 182 148 1 3 51 28 53 79 196 133 95 82 
90 134 79 13 99 86 138 59 131 132 126 109 166 6 97 126 79 
55 133 130 46 182 39 21 87 116 3 14 72 33 61 177 55 
152 81 173 17 114 20 110 15 156 53 113 174 97 151 92 
46 14 153 112 183 24 119 27 155 143 23 187 136 115 
99 136 165 77 44 60 42 140 28 193 51 65 146 
150 123 104 19 172 160 51 46 38 108 157 160 
18 40 30 92 66 129 124 119 81 6 25 
5 116 61 134 193 166 172 81 186 171 
180 12 22 38 39 126 48 193 5 
114 139 81 179 81 60 199 164 
104 129 185 93 72 149 157 
161 46 71 180 58 120 
11 61 40 138 8 
135 42 9 79 
184 156 66 
100 95 
160 

