95
114 67 139 120 64 87 137 91 67 131 66 55 95 143 73 190 8 39 84 24 30 102 78 78 53 69 37 177 103 76 46 193 77 94 122 174 12 75 164 95 52 164 168 43 109 141 12 192 68 192 12 28 75 113 79 68 59 191 159 194 49 121 194 162 7 11 45 153 81 35 178 28 123 195 8 2 75 49 147 182 170 155 87 49 100 122 104 187 44 10 65 116 70 158 
177 188 151 194 155 74 128 94 16 11 87 50 117 65 33 64 102 190 155 116 26 178 48 112 43 74 110 14 45 57 134 52 184 13 199 184 3 23 77 29 174 164 116 181 19 104 66 145 170 20 104 77 118 159 51 170 162 16 71 199 179 171 79 165 96 175 137 195 26 91 11 140 93 50 46 32 88 97 33 171 161 69 109 171 71 90 114 64 154 195 110 138 106 
64 63 170 123 131 190 105 184 52 88 134 196 87 6 0 75 138 146 80 3 75 154 106 183 102 175 128 25 58 147 42 134 115 81 187 173 81 66 103 126 55 72 102 57 165 21 73 50 21 168 58 45 168 194 143 196 104 159 20 10 30 107 54 136 20 124 66 91 75 45 153 173 9 194 197 90 17 195 177 7 70 169 106 65 66 51 21 65 18 143 80 63 
46 78 53 45 104 197 93 78 70 113 107 135 42 188 175 147 24 81 49 143 43 159 144 96 80 181 90 114 199 178 26 63 112 91 190 90 97 33 188 64 136 10 16 165 114 41 77 82 177 84 11 108 111 43 194 103 118 88 51 132 70 116 156 48 106 62 75 130 92 29 156 94 25 12 91 189 116 78 163 6 186 159 86 72 182 55 68 121 100 54 62 
83 48 77 133 52 108 34 107 59 52 115 102 157 147 74 22 37 139 143 196 45 74 122 69 57 115 74 88 158 165 168 116 118 104 181 118 43 181 6 65 19 127 25 186 163 133 111 6 81 105 33 178 198 75 87 14 87 0 59 108 113 27 4 59 64 78 55 108 29 102 142 197 149 182 187 152 2 193 68 121 26 119 1 8 161 22 27 177 99 159 
189 21 96 160 173 54 34 198 112 58 138 4 120 137 30 145 71 194 18 63 88 13 2 24 31 33 14 81 112 100 99 100 175 128 109 108 27 53 82 102 72 77 169 144 164 198 148 154 50 152 66 156 191 141 25 2 152 99 157 165 24 147 8 66 155 56 166 118 160 191 153 181 97 129 4 127 122 102 155 119 126 17 148 33 145 24 99 0 108 
27 109 155 181 31 49 131 124 86 111 10 108 7 195 148 172 111 174 106 11 104 166 175 117 195 166 90 77 62 160 119 120 120 16 26 28 89 22 147 108 148 151 132 166 132 35 6 62 47 196 51 94 70 4 35 102 35 163 185 26 111 95 6 91 190 92 120 3 108 136 112 152 82 25 135 155 186 139 169 89 179 25 99 81 31 69 199 64 
126 163 41 109 8 2 130 75 186 144 194 199 146 34 151 153 182 139 8 94 39 146 77 6 166 10 171 162 90 179 124 127 157 42 169 17 44 95 59 18 139 3 165 142 8 199 33 31 171 45 28 185 18 83 78 172 151 114 17 129 40 115 101 109 4 192 183 2 72 40 167 98 97 123 146 1 140 183 76 63 135 74 17 111 57 175 37 
156 124 116 194 44 180 83 147 96 83 70 166 78 46 152 19 92 54 0 54 186 69 98 58 130 80 154 166 181 164 66 10 176 182 114 103 37 177 146 189 84 100 125 8 37 82 117 76 64 85 140 90 193 160 123 51 39 182 60 50 36 178 65 62 62 8 136 72 190 185 47 102 119 25 182 25 164 26 102 45 181 39 167 143 40 186 
15 163 104 84 65 130 108 55 90 94 166 146 73 14 182 75 114 63 10 34 196 12 185 80 27 169 70 184 7 71 78 20 90 151 22 167 46 144 150 27 31 78 116 82 83 38 98 123 195 196 137 152 46 53 33 35 175 195 80 94 60 186 111 174 36 199 62 145 187 117 8 178 124 126 43 44 97 69 154 111 185 166 196 97 7 
32 127 125 32 69 139 115 153 67 68 117 104 5 9 81 194 53 170 195 6 178 177 129 20 115 160 120 182 126 71 147 149 5 167 143 165 129 49 117 169 199 192 82 162 155 116 128 71 128 43 2 8 150 69 113 157 141 23 66 89 59 183 13 197 159 67 51 92 177 140 148 77 75 56 198 57 162 47 158 178 155 88 20 62 
1 12 133 20 70 140 186 111 99 86 64 99 130 121 146 46 95 98 44 29 149 71 162 50 38 166 66 149 199 38 147 34 72 106 125 162 103 154 5 52 67 17 75 94 134 194 59 129 65 98 33 70 147 115 105 79 52 63 105 24 160 110 22 41 151 116 11 23 10 182 193 128 117 119 75 86 176 185 132 143 21 49 141 
178 132 84 50 13 158 36 131 168 174 122 55 146 186 136 147 143 134 197 134 168 154 68 88 124 57 25 169 110 139 196 67 54 165 175 34 8 21 73 33 64 70 171 9 103 106 73 31 18 106 158 108 156 41 193 56 22 2 25 164 47 103 89 112 58 117 175 133 23 84 129 45 156 123 132 84 185 59 16 128 65 79 
197 97 110 82 129 185 26 108 105 9 186 193 28 190 51 59 187 9 124 0 89 135 115 154 149 106 45 121 196 143 97 181 71 74 56 0 148 15 70 47 57 124 26 65 113 194 66 189 87 39 32 22 28 104 182 1 132 175 138 83 168 113 36 67 174 73 169 163 125 100 42 0 172 61 186 156 163 56 48 34 20 
170 144 189 86 51 94 13 6 11 35 86 63 51 17 126 154 70 83 151 49 88 163 120 194 11 153 113 18 14 98 174 108 4 115 65 63 82 33 40 134 86 86 4 150 193 197 194 145 87 17 31 80 5 32 186 9 176 86 15 19 52 49 71 41 198 133 142 167 156 150 163 41 174 176 97 161 57 36 86 20 
36 181 113 78 109 185 172 73 123 172 127 172 59 158 36 117 80 40 50 152 140 37 11 134 171 128 94 47 196 54 108 75 2 66 25 135 1 31 97 151 42 83 73 27 124 175 139 175 99 148 49 148 190 64 16 170 3 65 105 169 66 118 167 101 50 150 78 122 36 167 187 3 13 187 69 65 91 44 189 
56 83 0 61 55 26 38 158 6 163 40 113 33 30 69 19 121 173 161 113 141 113 96 11 152 157 3 137 188 38 83 22 54 169 153 146 194 128 146 87 176 122 113 133 28 172 61 48 81 199 176 43 142 74 97 148 184 60 165 7 54 108 161 9 13 3 86 68 93 150 67 145 87 95 85 46 4 49 
85 105 110 195 67 183 139 35 181 118 82 178 111 192 144 101 31 38 152 176 39 171 184 122 43 67 55 112 136 31 79 39 71 188 84 15 44 158 174 131 154 18 101 6 58 37 181 35 173 43 173 130 141 94 58 73 146 156 27 177 47 11 89 110 173 84 137 185 174 10 13 72 51 37 1 42 72 
149 153 58 136 146 140 42 77 119 94 131 63 106 197 26 181 80 63 116 35 79 100 67 125 154 93 180 169 104 129 177 143 33 62 18 168 142 50 76 157 157 151 1 139 142 79 112 192 163 82 68 26 172 179 190 5 135 92 53 137 172 101 18 99 188 146 95 92 116 194 77 199 21 93 95 185 
59 39 128 172 34 98 51 87 134 1 122 124 101 23 197 58 105 128 10 89 169 75 123 113 100 143 70 96 79 91 165 159 121 117 51 19 139 99 137 136 6 76 138 57 124 6 116 13 30 156 188 187 67 159 15 113 127 102 137 110 73 15 102 116 134 87 144 19 98 155 36 140 55 139 37 
154 18 141 88 133 154 22 95 98 43 175 118 50 199 146 67 83 59 15 102 18 24 26 1 0 180 51 117 115 115 126 97 115 130 71 32 167 4 124 61 27 7 148 38 74 117 29 142 45 126 32 171 87 12 199 11 6 123 48 70 61 111 50 183 12 155 22 117 57 164 199 120 64 154 
93 65 197 149 87 197 95 193 136 199 62 34 191 158 86 184 183 45 64 149 129 115 91 76 92 28 109 44 53 25 128 61 52 126 187 108 126 57 140 87 159 44 127 74 163 118 175 57 111 6 93 55 16 167 59 149 126 69 157 4 112 58 96 71 80 161 34 130 183 115 70 161 29 
127 17 72 90 130 180 168 92 5 79 105 199 14 112 76 169 158 131 168 178 185 140 89 66 132 7 80 132 65 96 176 41 62 105 78 29 11 125 12 142 186 186 47 41 161 109 151 105 131 121 125 53 0 122 86 134 35 189 110 34 94 62 117 8 48 49 151 123 10 21 172 75 
36 103 128 74 188 112 22 76 76 116 191 83 143 90 148 182 20 30 146 149 187 194 166 59 72 10 143 41 120 99 64 196 82 123 168 85 73 75 149 131 50 15 93 33 35 1 88 34 81 173 134 73 52 187 16 38 62 69 31 188 60 55 76 8 133 135 125 61 152 0 170 
128 183 51 163 43 11 126 95 14 69 126 89 59 10 97 175 174 73 147 159 100 191 55 137 59 185 133 80 193 172 162 96 159 180 171 13 58 53 3 74 147 185 169 11 191 119 3 156 92 142 176 169 116 188 141 5 83 68 35 172 143 65 28 107 166 4 167 198 23 44 
85 40 131 123 121 164 75 124 125 67 13 62 178 24 52 107 180 159 62 19 11 187 170 69 60 51 161 49 67 66 166 92 29 183 18 14 101 159 69 199 95 25 111 10 171 175 162 91 102 39 0 10 9 167 102 159 80 89 87 106 167 186 136 9 32 155 155 80 164 
159 117 140 192 118 41 30 104 91 109 75 94 162 83 58 70 93 121 114 32 57 195 121 109 173 92 78 148 172 91 68 90 135 137 74 153 6 35 27 106 150 169 120 125 81 58 143 108 191 173 22 131 127 165 50 51 181 195 48 176 46 177 96 92 96 163 30 8 
76 85 35 10 11 76 104 135 90 174 52 109 37 170 149 33 191 143 172 47 112 71 108 54 86 30 105 189 165 180 106 49 116 104 137 24 78 36 27 174 40 188 79 89 168 38 146 85 195 14 98 111 13 103 57 71 53 190 50 75 17 87 30 72 48 43 140 
134 164 199 12 113 137 124 117 122 81 139 132 165 4 39 74 114 139 165 64 27 195 8 149 121 55 167 5 52 123 150 57 62 46 4 166 11 7 178 174 51 40 46 18 33 56 76 103 175 75 59 154 139 51 8 139 147 112 108 104 15 132 120 19 88 154 
63 39 138 79 72 110 24 61 73 14 178 75 15 0 76 139 107 35 176 110 183 66 134 128 169 91 62 43 27 156 199 151 196 90 188 35 177 167 61 133 152 34 57 135 133 101 36 148 177 30 43 139 195 76 144 192 173 168 127 66 118 179 3 77 17 
122 10 129 96 65 120 193 171 170 192 132 62 186 128 64 76 179 191 60 16 64 35 96 78 77 137 60 134 18 79 67 167 36 17 179 178 86 6 8 22 180 98 186 101 32 186 15 78 124 192 36 190 60 180 2 144 24 73 172 44 113 79 98 28 
77 9 73 9 18 32 97 170 154 83 165 76 98 140 27 119 57 19 173 65 66 32 34 3 129 141 110 69 183 83 113 91 23 123 119 54 64 85 111 155 51 136 76 176 75 18 151 45 179 95 97 1 107 84 55 37 96 71 137 74 168 126 108 
153 117 63 16 169 105 39 144 67 96 43 119 19 4 170 57 100 135 139 112 159 61 41 3 27 148 119 66 140 94 156 145 87 54 137 41 166 83 155 39 169 3 141 193 109 183 136 83 76 187 169 5 29 172 50 102 133 184 114 113 60 27 
147 160 164 20 145 159 147 42 43 0 22 143 11 61 146 134 198 191 88 112 162 178 191 75 135 121 180 195 29 97 88 114 76 14 151 97 143 171 175 93 147 8 30 153 110 41 60 116 56 187 71 177 86 175 126 45 129 58 105 53 53 
141 48 117 4 7 6 20 55 27 48 141 9 51 117 1 177 185 92 121 133 172 145 36 150 182 95 23 96 153 17 196 110 55 166 174 141 181 190 114 111 133 140 49 190 149 30 29 9 153 152 145 197 146 33 106 125 95 182 58 193 
122 19 67 76 98 143 62 90 183 62 63 18 84 10 18 5 22 61 190 64 192 109 15 147 3 8 178 49 127 27 121 91 134 17 46 117 103 112 119 91 51 126 17 41 136 128 6 132 177 74 180 160 180 141 135 170 62 97 21 
163 166 101 154 187 79 133 137 177 35 64 96 47 185 96 125 109 124 4 122 180 51 13 176 100 179 193 85 188 188 99 132 29 79 130 56 156 32 52 179 113 51 78 66 191 19 192 159 23 102 59 81 116 19 173 8 161 97 
177 77 133 44 19 188 152 12 52 143 32 105 25 30 117 197 162 188 162 40 16 147 123 48 163 13 144 196 128 47 96 135 137 34 23 130 18 42 172 69 59 171 75 96 149 5 154 44 59 159 151 169 183 9 103 40 185 
19 8 174 179 105 98 129 68 75 85 163 16 23 65 27 192 147 184 54 167 186 198 152 70 130 39 113 171 170 149 12 132 54 68 138 189 84 88 51 117 115 141 33 38 183 72 93 45 75 68 55 195 31 174 137 131 
22 143 51 159 24 32 67 70 12 167 25 195 127 136 35 24 119 122 87 151 0 159 48 105 87 5 140 111 48 198 124 126 187 116 95 196 61 14 113 57 197 32 157 139 173 154 145 165 150 106 4 73 128 3 138 
113 55 97 103 116 24 161 136 21 1 169 48 22 88 190 77 18 40 4 59 140 153 97 102 118 113 51 68 82 146 115 35 71 112 63 107 118 107 198 44 131 131 104 122 45 194 198 10 98 36 138 61 189 82 
141 53 157 143 190 191 176 100 128 17 35 151 128 171 39 118 190 94 103 115 167 51 41 138 61 97 28 191 169 126 192 137 137 124 72 43 174 171 79 88 158 151 12 86 39 78 171 12 6 185 134 99 31 
135 70 88 63 13 93 53 113 82 12 196 40 150 146 105 105 3 59 9 76 164 13 36 90 183 159 53 139 80 37 44 199 88 109 180 173 14 80 182 149 58 110 141 89 133 181 91 189 49 81 199 112 
47 111 86 31 27 94 126 118 125 113 0 90 83 94 153 157 138 148 42 40 124 23 75 143 154 93 175 99 9 65 63 143 187 60 164 176 117 90 130 180 172 158 85 87 187 15 51 120 160 22 43 
24 38 27 48 131 100 95 52 147 93 129 148 81 193 51 84 163 132 90 112 110 60 29 33 23 142 70 185 66 147 9 86 88 120 82 6 141 189 180 126 2 5 0 133 195 5 133 93 87 16 
10 176 96 38 126 1 32 65 174 29 170 155 168 196 39 173 2 86 162 119 58 67 18 111 31 78 150 78 39 22 161 167 103 46 118 56 191 154 127 177 58 121 85 142 135 172 11 49 48 
81 162 90 130 188 182 80 85 158 153 53 112 190 60 26 16 39 62 151 107 2 47 136 86 182 103 177 30 113 108 80 162 145 111 127 172 199 88 188 25 133 189 72 100 131 132 191 61 
93 32 28 40 26 179 140 36 91 75 18 75 53 188 89 195 67 164 188 193 10 74 137 166 194 177 115 152 33 185 41 47 63 33 160 50 196 61 166 31 139 82 196 66 26 82 85 
89 12 107 178 55 85 91 128 137 70 14 27 199 81 164 170 45 164 168 35 74 34 4 101 53 85 181 18 131 47 75 23 114 60 60 161 78 168 23 138 175 84 182 76 0 91 
59 50 89 146 107 100 70 27 17 108 122 80 39 156 93 183 104 22 88 28 160 0 187 45 127 54 42 136 153 51 111 107 150 19 163 47 123 174 149 86 116 26 32 109 23 
68 7 102 184 24 77 73 88 79 161 13 162 62 87 50 11 181 46 174 14 86 80 117 121 20 81 92 167 125 38 185 191 105 3 13 152 6 10 6 8 76 7 49 14 
199 113 3 6 119 90 128 46 46 185 168 140 64 197 97 103 186 123 80 62 80 126 61 26 93 116 10 127 79 173 40 115 83 10 162 140 84 129 179 84 46 96 56 
76 160 135 112 23 77 168 145 8 94 188 184 10 191 46 172 168 51 21 89 37 70 113 38 165 22 115 105 181 63 3 85 173 113 100 137 134 4 105 39 116 195 
24 24 85 28 123 2 160 30 169 28 37 198 183 1 116 46 134 155 52 90 47 48 158 88 182 131 73 8 94 81 19 30 24 96 166 0 138 193 25 46 52 
95 131 164 76 131 133 171 114 101 172 52 120 90 137 161 173 9 21 142 72 61 159 18 59 71 5 152 86 129 126 49 71 59 77 170 128 112 93 9 122 
12 147 46 1 150 162 83 162 72 111 2 199 81 45 86 162 20 175 140 174 28 72 78 124 67 127 147 173 85 50 60 89 42 24 19 30 143 181 157 
2 79 47 169 114 180 184 137 164 88 43 93 44 193 184 45 99 46 102 160 63 79 138 167 118 11 115 82 116 128 171 31 194 70 19 102 181 81 
90 61 1 36 2 184 97 27 12 37 183 158 29 179 89 30 114 31 37 72 157 94 130 50 189 49 28 6 157 75 104 91 179 17 29 137 64 
184 150 93 15 111 86 85 151 38 184 197 171 54 186 52 73 48 106 103 90 11 75 60 59 98 142 52 186 148 134 189 54 62 145 33 131 
154 28 197 139 115 8 94 25 0 134 64 154 32 120 183 178 147 127 30 107 79 179 37 61 24 85 147 192 49 142 78 124 128 135 194 
130 171 21 143 135 88 142 162 61 108 192 28 121 169 112 48 199 8 185 103 2 123 44 80 32 34 23 168 156 132 77 170 185 57 
194 101 75 53 14 127 30 46 198 32 130 131 126 119 185 78 59 18 40 17 41 38 164 155 152 104 160 190 24 64 25 184 121 
153 88 110 197 21 166 149 2 188 159 192 15 170 140 173 9 171 180 42 18 0 10 121 196 112 5 172 33 24 54 165 21 
186 25 37 0 73 95 59 82 165 63 103 48 185 192 27 151 131 39 120 100 159 145 24 70 116 60 174 70 30 51 66 
139 59 10 36 9 194 21 42 75 182 172 66 4 72 19 76 109 49 3 104 180 137 138 121 177 79 9 22 165 76 
57 172 174 27 132 184 140 110 64 92 165 180 191 119 26 159 173 49 2 194 128 186 134 181 9 51 164 13 106 
137 172 122 28 135 56 62 72 142 75 142 53 6 161 135 139 193 13 65 193 82 154 70 62 157 138 131 93 
63 6 31 128 34 184 11 144 157 146 176 160 80 184 171 141 83 105 133 54 139 153 148 97 114 188 186 
25 44 143 117 154 34 81 4 171 180 136 40 185 29 80 24 19 197 76 120 167 39 10 156 142 100 
166 37 124 60 180 141 14 50 123 172 98 115 178 117 52 103 52 127 190 83 45 197 97 178 87 
14 83 181 7 144 184 79 185 60 171 180 107 57 132 122 51 102 155 117 132 8 83 130 147 
171 194 38 196 47 149 30 2 150 153 60 135 182 162 183 2 70 194 55 50 88 190 93 
41 177 61 110 50 71 188 186 184 145 171 142 65 44 115 128 76 28 195 139 49 60 
173 162 103 59 174 48 96 152 140 99 191 82 108 25 91 140 30 164 146 103 128 
117 186 166 20 17 58 155 108 144 109 97 168 53 59 185 105 132 74 78 43 
101 123 48 127 166 177 50 71 177 91 197 98 79 34 130 85 21 4 3 
98 139 71 0 137 100 142 73 126 59 168 12 121 14 72 53 38 73 
106 72 151 76 137 10 131 135 141 11 162 103 75 114 10 13 78 
19 45 73 188 38 55 119 161 52 189 90 161 36 12 106 86 
169 35 43 112 193 155 66 129 116 104 43 12 17 44 24 
75 193 56 27 56 141 126 91 15 40 191 149 20 124 
182 66 190 152 130 185 82 25 173 104 34 102 137 
156 53 168 110 146 178 173 181 195 124 3 146 
171 21 51 168 42 190 86 76 123 132 76 
57 26 155 72 49 177 46 109 89 157 
149 48 62 70 81 63 21 138 13 
4 37 71 47 176 56 151 120 
6 105 104 6 46 13 187 
121 47 7 12 44 64 
1 17 91 139 172 
198 31 4 166 
64 176 73 
50 115 
16 

